0.000000, 0.000000, 0.000000, 34.000000, 0.000000, 130.000000, 33.000000, 25.000000, -15.000000, 78.000000, 20.000000, 96.000000, 47.000000, 42.000000, -47.000000, 314.000000, -1.000000, 236.000000, 40.000000, 228.000000, 11.000000, 314.000000, 
0.000000, 0.000000, 0.000000, 34.000000, 0.000000, 130.000000, 33.000000, 25.000000, -15.000000, 78.000000, 11.946208, 98.041300, 51.000000, 52.000000, -47.000000, 314.000000, -1.000000, 236.000000, 40.000000, 228.000000, 11.000000, 314.000000, 
0.000000, 0.000000, 0.000000, 34.000000, 0.000000, 130.000000, 33.000000, 25.000000, -15.000000, 78.000000, 7.656344, 98.694516, 54.000000, 60.000000, -47.000000, 314.000000, -1.000000, 236.000000, 40.000000, 228.000000, 11.000000, 314.000000, 
0.000000, 0.000000, 0.000000, 34.000000, 0.000000, 130.000000, 33.000000, 25.000000, -15.000000, 78.000000, 3.535351, 99.049991, 58.000000, 73.000000, -47.000000, 314.000000, -1.000000, 236.000000, 40.000000, 228.000000, 11.000000, 314.000000, 
0.000000, 0.000000, 0.000000, 34.000000, 0.000000, 130.000000, 33.000000, 25.000000, -15.000000, 78.000000, 11.643574, 98.097014, 67.000000, 74.000000, -47.000000, 314.000000, -1.000000, 236.000000, 40.000000, 228.000000, 11.000000, 314.000000, 
0.000000, 0.000000, 0.000000, 34.000000, 0.000000, 130.000000, 33.000000, 25.000000, -15.000000, 78.000000, 22.565526, 95.112986, 77.000000, 69.000000, -47.000000, 314.000000, -1.000000, 236.000000, 40.000000, 228.000000, 11.000000, 314.000000, 
0.000000, 0.000000, 0.000000, 34.000000, 0.000000, 130.000000, 33.000000, 25.000000, -15.000000, 78.000000, 34.611945, 89.190699, 88.000000, 61.000000, -47.000000, 314.000000, -1.000000, 236.000000, 40.000000, 228.000000, 11.000000, 314.000000, 
0.000000, 0.000000, 0.000000, 34.000000, 0.000000, 130.000000, 33.000000, 25.000000, -15.000000, 78.000000, 48.340805, 77.671118, 102.000000, 50.000000, -47.000000, 314.000000, -1.000000, 236.000000, 40.000000, 228.000000, 11.000000, 314.000000, 
0.000000, 0.000000, 0.000000, 34.000000, 0.000000, 130.000000, 33.000000, 25.000000, -15.000000, 78.000000, 51.477995, 73.925131, 100.000000, 38.000000, -47.000000, 314.000000, -1.000000, 236.000000, 40.000000, 228.000000, 11.000000, 314.000000, 
0.000000, 0.000000, 0.000000, 34.000000, 0.000000, 130.000000, 33.000000, 25.000000, -15.000000, 78.000000, 59.216404, 61.155432, 109.000000, 27.000000, -47.000000, 314.000000, -1.000000, 236.000000, 40.000000, 228.000000, 11.000000, 314.000000, 
0.000000, 0.000000, 0.000000, 34.000000, 0.000000, 130.000000, 33.000000, 25.000000, -15.000000, 78.000000, 60.583031, 57.951959, 104.000000, 16.000000, -47.000000, 314.000000, -1.000000, 236.000000, 40.000000, 228.000000, 11.000000, 314.000000, 
0.000000, 0.000000, 0.000000, 34.000000, 0.000000, 130.000000, 33.000000, 25.000000, -15.000000, 78.000000, 62.842396, 51.170710, 104.000000, 7.000000, -47.000000, 314.000000, -1.000000, 236.000000, 40.000000, 228.000000, 11.000000, 314.000000, 
0.000000, 0.000000, 0.000000, 34.000000, 0.000000, 130.000000, 33.000000, 25.000000, -15.000000, 78.000000, 65.144434, 34.450228, 106.000000, -10.000000, -47.000000, 314.000000, -1.000000, 236.000000, 40.000000, 228.000000, 11.000000, 314.000000, 
0.000000, 0.000000, 0.000000, 34.000000, 0.000000, 130.000000, 33.000000, 25.000000, -15.000000, 78.000000, 65.144434, 34.450228, 106.000000, -10.000000, -47.000000, 314.000000, -1.000000, 236.000000, 40.000000, 228.000000, 11.000000, 314.000000, 
0.000000, 0.000000, 0.000000, 34.000000, 0.000000, 130.000000, 33.000000, 25.000000, -15.000000, 78.000000, 62.842396, 51.170710, 104.000000, 7.000000, -47.000000, 314.000000, -1.000000, 236.000000, 40.000000, 228.000000, 11.000000, 314.000000, 
0.000000, 0.000000, 0.000000, 34.000000, 0.000000, 130.000000, 33.000000, 25.000000, -15.000000, 78.000000, 60.583031, 57.951959, 104.000000, 16.000000, -47.000000, 314.000000, -1.000000, 236.000000, 40.000000, 228.000000, 11.000000, 314.000000, 
0.000000, 0.000000, 0.000000, 34.000000, 0.000000, 130.000000, 33.000000, 25.000000, -15.000000, 78.000000, 59.216404, 61.155432, 109.000000, 27.000000, -47.000000, 314.000000, -1.000000, 236.000000, 40.000000, 228.000000, 11.000000, 314.000000, 
0.000000, 0.000000, 0.000000, 34.000000, 0.000000, 130.000000, 33.000000, 25.000000, -15.000000, 78.000000, 51.477995, 73.925131, 100.000000, 38.000000, -47.000000, 314.000000, -1.000000, 236.000000, 40.000000, 228.000000, 11.000000, 314.000000, 
0.000000, 0.000000, 0.000000, 34.000000, 0.000000, 130.000000, 33.000000, 25.000000, -15.000000, 78.000000, 48.340805, 77.671118, 102.000000, 50.000000, -47.000000, 314.000000, -1.000000, 236.000000, 40.000000, 228.000000, 11.000000, 314.000000, 
0.000000, 0.000000, 0.000000, 34.000000, 0.000000, 130.000000, 33.000000, 25.000000, -15.000000, 78.000000, 34.611945, 89.190699, 88.000000, 61.000000, -47.000000, 314.000000, -1.000000, 236.000000, 40.000000, 228.000000, 11.000000, 314.000000, 
0.000000, 0.000000, 0.000000, 34.000000, 0.000000, 130.000000, 33.000000, 25.000000, -15.000000, 78.000000, 22.565526, 95.112986, 77.000000, 69.000000, -47.000000, 314.000000, -1.000000, 236.000000, 40.000000, 228.000000, 11.000000, 314.000000, 
0.000000, 0.000000, 0.000000, 34.000000, 0.000000, 130.000000, 33.000000, 25.000000, -15.000000, 78.000000, 11.643574, 98.097014, 67.000000, 74.000000, -47.000000, 314.000000, -1.000000, 236.000000, 40.000000, 228.000000, 11.000000, 314.000000, 
0.000000, 0.000000, 0.000000, 34.000000, 0.000000, 130.000000, 33.000000, 25.000000, -15.000000, 78.000000, 3.535351, 99.049991, 58.000000, 73.000000, -47.000000, 314.000000, -1.000000, 236.000000, 40.000000, 228.000000, 11.000000, 314.000000, 
0.000000, 0.000000, 0.000000, 34.000000, 0.000000, 130.000000, 33.000000, 25.000000, -15.000000, 78.000000, 7.656344, 98.694516, 54.000000, 60.000000, -47.000000, 314.000000, -1.000000, 236.000000, 40.000000, 228.000000, 11.000000, 314.000000, 
0.000000, 0.000000, 0.000000, 34.000000, 0.000000, 130.000000, 33.000000, 25.000000, -15.000000, 78.000000, 11.946208, 98.041300, 51.000000, 52.000000, -47.000000, 314.000000, -1.000000, 236.000000, 40.000000, 228.000000, 11.000000, 314.000000, 
0.000000, 0.000000, 0.000000, 34.000000, 0.000000, 130.000000, 33.000000, 25.000000, -15.000000, 78.000000, 20.000000, 96.000000, 47.000000, 42.000000, -47.000000, 314.000000, -1.000000, 236.000000, 40.000000, 228.000000, 11.000000, 314.000000, 
