0.000000, 0.000000, 0.000000, 34.000000, 0.000000, 130.000000, -55.000000, 46.000000, -20.340639, 96.147071, 7.730553, 80.219461, -42.000000, 28.000000, -45.000000, 314.000000, -50.000000, 224.000000, 50.000000, 224.000000, 55.000000, 314.000000, 
0.000000, 0.000000, 0.000000, 34.000000, 0.000000, 130.000000, -63.000000, 39.000000, -31.599259, 91.249339, 7.730553, 80.219461, -42.000000, 28.000000, -45.000000, 314.000000, -50.000000, 224.000000, 50.000000, 224.000000, 55.000000, 314.000000, 
0.000000, 0.000000, 0.000000, 34.000000, 0.000000, 130.000000, -71.000000, 33.000000, -40.177358, 85.592440, 7.730553, 80.219461, -42.000000, 28.000000, -45.000000, 314.000000, -50.000000, 224.000000, 50.000000, 224.000000, 55.000000, 314.000000, 
0.000000, 0.000000, 0.000000, 34.000000, 0.000000, 130.000000, -85.000000, 29.000000, -48.519914, 77.838544, 7.730553, 80.219461, -42.000000, 28.000000, -45.000000, 314.000000, -50.000000, 224.000000, 50.000000, 224.000000, 55.000000, 314.000000, 
0.000000, 0.000000, 0.000000, 34.000000, 0.000000, 130.000000, -100.000000, 31.000000, -53.953390, 70.946335, 7.730553, 80.219461, -42.000000, 28.000000, -45.000000, 314.000000, -50.000000, 224.000000, 50.000000, 224.000000, 55.000000, 314.000000, 
0.000000, 0.000000, 0.000000, 34.000000, 0.000000, 130.000000, -110.000000, 29.000000, -58.945853, 62.308769, 7.730553, 80.219461, -42.000000, 28.000000, -45.000000, 314.000000, -50.000000, 224.000000, 50.000000, 224.000000, 55.000000, 314.000000, 
0.000000, 0.000000, 0.000000, 34.000000, 0.000000, 130.000000, -116.000000, 31.000000, -61.057961, 57.407808, 7.730553, 80.219461, -42.000000, 28.000000, -45.000000, 314.000000, -50.000000, 224.000000, 50.000000, 224.000000, 55.000000, 314.000000, 
0.000000, 0.000000, 0.000000, 34.000000, 0.000000, 130.000000, -116.000000, 31.000000, -61.057961, 57.407808, 10.174209, 79.743693, -39.000000, 27.000000, -45.000000, 314.000000, -50.000000, 224.000000, 50.000000, 224.000000, 55.000000, 314.000000, 
0.000000, 0.000000, 0.000000, 34.000000, 0.000000, 130.000000, -120.000000, 29.000000, -63.145413, 50.989905, 22.078282, 75.334604, -34.000000, 30.000000, -45.000000, 314.000000, -50.000000, 224.000000, 50.000000, 224.000000, 55.000000, 314.000000, 
0.000000, 0.000000, 0.000000, 34.000000, 0.000000, 130.000000, -124.000000, 28.000000, -64.820367, 42.620909, 22.078282, 75.334604, -34.000000, 30.000000, -45.000000, 314.000000, -50.000000, 224.000000, 50.000000, 224.000000, 55.000000, 314.000000, 
0.000000, 0.000000, 0.000000, 34.000000, 0.000000, 130.000000, -126.000000, 30.000000, -65.354853, 36.177878, 28.552598, 71.158433, -32.000000, 32.000000, -45.000000, 314.000000, -50.000000, 224.000000, 50.000000, 224.000000, 55.000000, 314.000000, 
0.000000, 0.000000, 0.000000, 34.000000, 0.000000, 130.000000, -126.000000, 30.000000, -65.354853, 36.177878, 28.552598, 71.158433, -32.000000, 32.000000, -45.000000, 314.000000, -50.000000, 224.000000, 50.000000, 224.000000, 55.000000, 314.000000, 
0.000000, 0.000000, 0.000000, 34.000000, 0.000000, 130.000000, -124.000000, 28.000000, -64.820367, 42.620909, 22.078282, 75.334604, -34.000000, 30.000000, -45.000000, 314.000000, -50.000000, 224.000000, 50.000000, 224.000000, 55.000000, 314.000000, 
0.000000, 0.000000, 0.000000, 34.000000, 0.000000, 130.000000, -120.000000, 29.000000, -63.145413, 50.989905, 22.078282, 75.334604, -34.000000, 30.000000, -45.000000, 314.000000, -50.000000, 224.000000, 50.000000, 224.000000, 55.000000, 314.000000, 
0.000000, 0.000000, 0.000000, 34.000000, 0.000000, 130.000000, -116.000000, 31.000000, -61.057961, 57.407808, 10.174209, 79.743693, -39.000000, 27.000000, -45.000000, 314.000000, -50.000000, 224.000000, 50.000000, 224.000000, 55.000000, 314.000000, 
0.000000, 0.000000, 0.000000, 34.000000, 0.000000, 130.000000, -116.000000, 31.000000, -61.057961, 57.407808, 7.730553, 80.219461, -42.000000, 28.000000, -45.000000, 314.000000, -50.000000, 224.000000, 50.000000, 224.000000, 55.000000, 314.000000, 
0.000000, 0.000000, 0.000000, 34.000000, 0.000000, 130.000000, -110.000000, 29.000000, -58.945853, 62.308769, 7.730553, 80.219461, -42.000000, 28.000000, -45.000000, 314.000000, -50.000000, 224.000000, 50.000000, 224.000000, 55.000000, 314.000000, 
0.000000, 0.000000, 0.000000, 34.000000, 0.000000, 130.000000, -100.000000, 31.000000, -53.953390, 70.946335, 7.730553, 80.219461, -42.000000, 28.000000, -45.000000, 314.000000, -50.000000, 224.000000, 50.000000, 224.000000, 55.000000, 314.000000, 
0.000000, 0.000000, 0.000000, 34.000000, 0.000000, 130.000000, -85.000000, 29.000000, -48.519914, 77.838544, 7.730553, 80.219461, -42.000000, 28.000000, -45.000000, 314.000000, -50.000000, 224.000000, 50.000000, 224.000000, 55.000000, 314.000000, 
0.000000, 0.000000, 0.000000, 34.000000, 0.000000, 130.000000, -71.000000, 33.000000, -40.177358, 85.592440, 7.730553, 80.219461, -42.000000, 28.000000, -45.000000, 314.000000, -50.000000, 224.000000, 50.000000, 224.000000, 55.000000, 314.000000, 
0.000000, 0.000000, 0.000000, 34.000000, 0.000000, 130.000000, -63.000000, 39.000000, -31.599259, 91.249339, 7.730553, 80.219461, -42.000000, 28.000000, -45.000000, 314.000000, -50.000000, 224.000000, 50.000000, 224.000000, 55.000000, 314.000000, 
0.000000, 0.000000, 0.000000, 34.000000, 0.000000, 130.000000, -55.000000, 46.000000, -20.340639, 96.147071, 7.730553, 80.219461, -42.000000, 28.000000, -45.000000, 314.000000, -50.000000, 224.000000, 50.000000, 224.000000, 55.000000, 314.000000, 
