0.000000, 0.000000, 0.000000, 34.000000, 0.000000, 130.000000, 42.000000, 28.000000, -7.730553, 80.219461, 20.340639, 96.147071, 55.000000, 46.000000, -55.000000, 314.000000, -50.000000, 224.000000, 50.000000, 224.000000, 45.000000, 314.000000, 
0.000000, 0.000000, 0.000000, 34.000000, 0.000000, 130.000000, 42.000000, 28.000000, -7.730553, 80.219461, 31.599259, 91.249339, 63.000000, 39.000000, -55.000000, 314.000000, -50.000000, 224.000000, 50.000000, 224.000000, 45.000000, 314.000000, 
0.000000, 0.000000, 0.000000, 34.000000, 0.000000, 130.000000, 42.000000, 28.000000, -7.730553, 80.219461, 40.177358, 85.592440, 71.000000, 33.000000, -55.000000, 314.000000, -50.000000, 224.000000, 50.000000, 224.000000, 45.000000, 314.000000, 
0.000000, 0.000000, 0.000000, 34.000000, 0.000000, 130.000000, 42.000000, 28.000000, -7.730553, 80.219461, 48.519914, 77.838544, 85.000000, 29.000000, -55.000000, 314.000000, -50.000000, 224.000000, 50.000000, 224.000000, 45.000000, 314.000000, 
0.000000, 0.000000, 0.000000, 34.000000, 0.000000, 130.000000, 42.000000, 28.000000, -7.730553, 80.219461, 53.953390, 70.946335, 100.000000, 31.000000, -55.000000, 314.000000, -50.000000, 224.000000, 50.000000, 224.000000, 45.000000, 314.000000, 
0.000000, 0.000000, 0.000000, 34.000000, 0.000000, 130.000000, 42.000000, 28.000000, -7.730553, 80.219461, 58.945853, 62.308769, 110.000000, 29.000000, -55.000000, 314.000000, -50.000000, 224.000000, 50.000000, 224.000000, 45.000000, 314.000000, 
0.000000, 0.000000, 0.000000, 34.000000, 0.000000, 130.000000, 42.000000, 28.000000, -7.730553, 80.219461, 61.057961, 57.407808, 116.000000, 31.000000, -55.000000, 314.000000, -50.000000, 224.000000, 50.000000, 224.000000, 45.000000, 314.000000, 
0.000000, 0.000000, 0.000000, 34.000000, 0.000000, 130.000000, 39.000000, 27.000000, -10.174209, 79.743693, 61.057961, 57.407808, 116.000000, 31.000000, -55.000000, 314.000000, -50.000000, 224.000000, 50.000000, 224.000000, 45.000000, 314.000000, 
0.000000, 0.000000, 0.000000, 34.000000, 0.000000, 130.000000, 34.000000, 30.000000, -22.078282, 75.334604, 63.145413, 50.989905, 120.000000, 29.000000, -55.000000, 314.000000, -50.000000, 224.000000, 50.000000, 224.000000, 45.000000, 314.000000, 
0.000000, 0.000000, 0.000000, 34.000000, 0.000000, 130.000000, 34.000000, 30.000000, -22.078282, 75.334604, 64.820367, 42.620909, 124.000000, 28.000000, -55.000000, 314.000000, -50.000000, 224.000000, 50.000000, 224.000000, 45.000000, 314.000000, 
0.000000, 0.000000, 0.000000, 34.000000, 0.000000, 130.000000, 32.000000, 32.000000, -28.552598, 71.158433, 65.354853, 36.177878, 126.000000, 30.000000, -55.000000, 314.000000, -50.000000, 224.000000, 50.000000, 224.000000, 45.000000, 314.000000, 
0.000000, 0.000000, 0.000000, 34.000000, 0.000000, 130.000000, 32.000000, 32.000000, -28.552598, 71.158433, 65.354853, 36.177878, 126.000000, 30.000000, -55.000000, 314.000000, -50.000000, 224.000000, 50.000000, 224.000000, 45.000000, 314.000000, 
0.000000, 0.000000, 0.000000, 34.000000, 0.000000, 130.000000, 34.000000, 30.000000, -22.078282, 75.334604, 64.820367, 42.620909, 124.000000, 28.000000, -55.000000, 314.000000, -50.000000, 224.000000, 50.000000, 224.000000, 45.000000, 314.000000, 
0.000000, 0.000000, 0.000000, 34.000000, 0.000000, 130.000000, 34.000000, 30.000000, -22.078282, 75.334604, 63.145413, 50.989905, 120.000000, 29.000000, -55.000000, 314.000000, -50.000000, 224.000000, 50.000000, 224.000000, 45.000000, 314.000000, 
0.000000, 0.000000, 0.000000, 34.000000, 0.000000, 130.000000, 39.000000, 27.000000, -10.174209, 79.743693, 61.057961, 57.407808, 116.000000, 31.000000, -55.000000, 314.000000, -50.000000, 224.000000, 50.000000, 224.000000, 45.000000, 314.000000, 
0.000000, 0.000000, 0.000000, 34.000000, 0.000000, 130.000000, 42.000000, 28.000000, -7.730553, 80.219461, 61.057961, 57.407808, 116.000000, 31.000000, -55.000000, 314.000000, -50.000000, 224.000000, 50.000000, 224.000000, 45.000000, 314.000000, 
0.000000, 0.000000, 0.000000, 34.000000, 0.000000, 130.000000, 42.000000, 28.000000, -7.730553, 80.219461, 58.945853, 62.308769, 110.000000, 29.000000, -55.000000, 314.000000, -50.000000, 224.000000, 50.000000, 224.000000, 45.000000, 314.000000, 
0.000000, 0.000000, 0.000000, 34.000000, 0.000000, 130.000000, 42.000000, 28.000000, -7.730553, 80.219461, 53.953390, 70.946335, 100.000000, 31.000000, -55.000000, 314.000000, -50.000000, 224.000000, 50.000000, 224.000000, 45.000000, 314.000000, 
0.000000, 0.000000, 0.000000, 34.000000, 0.000000, 130.000000, 42.000000, 28.000000, -7.730553, 80.219461, 48.519914, 77.838544, 85.000000, 29.000000, -55.000000, 314.000000, -50.000000, 224.000000, 50.000000, 224.000000, 45.000000, 314.000000, 
0.000000, 0.000000, 0.000000, 34.000000, 0.000000, 130.000000, 42.000000, 28.000000, -7.730553, 80.219461, 40.177358, 85.592440, 71.000000, 33.000000, -55.000000, 314.000000, -50.000000, 224.000000, 50.000000, 224.000000, 45.000000, 314.000000, 
0.000000, 0.000000, 0.000000, 34.000000, 0.000000, 130.000000, 42.000000, 28.000000, -7.730553, 80.219461, 31.599259, 91.249339, 63.000000, 39.000000, -55.000000, 314.000000, -50.000000, 224.000000, 50.000000, 224.000000, 45.000000, 314.000000, 
0.000000, 0.000000, 0.000000, 34.000000, 0.000000, 130.000000, 42.000000, 28.000000, -7.730553, 80.219461, 20.340639, 96.147071, 55.000000, 46.000000, -55.000000, 314.000000, -50.000000, 224.000000, 50.000000, 224.000000, 45.000000, 314.000000, 
