0.000000, 0.000000, 0.000000, 34.000000, 0.000000, 130.000000, 30.000000, 30.000000, -30.000000, 70.000000, 60.000000, 60.000000, 100.000000, 14.000000, -55.000000, 316.000000, -14.481907, 235.481156, 50.000000, 224.000000, 45.000000, 314.000000, 
0.000000, 0.000000, 0.000000, 34.000000, 0.000000, 130.000000, 30.000000, 30.000000, -30.000000, 70.000000, 60.000000, 60.000000, 100.000000, 14.000000, -55.000000, 316.000000, -14.481907, 235.481156, 70.952293, 209.383702, 46.000000, 296.000000, 
0.000000, 0.000000, 0.000000, 34.000000, 0.000000, 130.000000, 30.000000, 30.000000, -30.000000, 70.000000, 60.000000, 60.000000, 100.000000, 14.000000, -55.000000, 316.000000, -14.481907, 235.481156, 76.421416, 204.133441, 49.000000, 290.000000, 
0.000000, 0.000000, 0.000000, 34.000000, 0.000000, 130.000000, 30.000000, 30.000000, -30.000000, 70.000000, 60.000000, 60.000000, 100.000000, 14.000000, -55.000000, 316.000000, -14.481907, 235.481156, 80.853571, 199.272650, 53.000000, 285.000000, 
0.000000, 0.000000, 0.000000, 34.000000, 0.000000, 130.000000, 30.000000, 30.000000, -30.000000, 70.000000, 60.000000, 60.000000, 100.000000, 14.000000, -55.000000, 316.000000, -14.481907, 235.481156, 95.302228, 177.470889, 64.000000, 262.000000, 
0.000000, 0.000000, 0.000000, 34.000000, 0.000000, 130.000000, 30.000000, 30.000000, -30.000000, 70.000000, 60.000000, 60.000000, 100.000000, 14.000000, -55.000000, 316.000000, -14.481907, 235.481156, 101.453344, 162.298902, 68.000000, 246.000000, 
0.000000, 0.000000, 0.000000, 34.000000, 0.000000, 130.000000, 30.000000, 30.000000, -30.000000, 70.000000, 60.000000, 60.000000, 100.000000, 14.000000, -55.000000, 316.000000, -14.481907, 235.481156, 105.600795, 143.582053, 74.000000, 228.000000, 
0.000000, 0.000000, 0.000000, 34.000000, 0.000000, 130.000000, 30.000000, 30.000000, -30.000000, 70.000000, 60.000000, 60.000000, 100.000000, 14.000000, -55.000000, 316.000000, -14.481907, 235.481156, 106.455371, 128.196106, 91.000000, 217.000000, 
0.000000, 0.000000, 0.000000, 34.000000, 0.000000, 130.000000, 30.000000, 30.000000, -30.000000, 70.000000, 60.000000, 60.000000, 100.000000, 14.000000, -55.000000, 316.000000, -14.481907, 235.481156, 105.086103, 112.885361, 103.000000, 203.000000, 
0.000000, 0.000000, 0.000000, 34.000000, 0.000000, 130.000000, 30.000000, 30.000000, -30.000000, 70.000000, 60.000000, 60.000000, 100.000000, 14.000000, -55.000000, 316.000000, -14.481907, 235.481156, 103.455341, 104.840660, 133.000000, 190.000000, 
0.000000, 0.000000, 0.000000, 34.000000, 0.000000, 130.000000, 30.000000, 30.000000, -30.000000, 70.000000, 60.000000, 60.000000, 100.000000, 14.000000, -55.000000, 316.000000, -14.481907, 235.481156, 101.550791, 98.008801, 139.000000, 180.000000, 
0.000000, 0.000000, 0.000000, 34.000000, 0.000000, 130.000000, 30.000000, 30.000000, -30.000000, 70.000000, 60.000000, 60.000000, 100.000000, 14.000000, -55.000000, 316.000000, -14.481907, 235.481156, 97.996688, 88.374898, 150.000000, 162.000000, 
0.000000, 0.000000, 0.000000, 34.000000, 0.000000, 130.000000, 30.000000, 30.000000, -30.000000, 70.000000, 60.000000, 60.000000, 100.000000, 14.000000, -55.000000, 316.000000, -14.481907, 235.481156, 97.445552, 87.100531, 160.000000, 152.000000, 
0.000000, 0.000000, 0.000000, 34.000000, 0.000000, 130.000000, 30.000000, 30.000000, -30.000000, 70.000000, 60.000000, 60.000000, 100.000000, 14.000000, -55.000000, 316.000000, -14.481907, 235.481156, 96.919037, 85.923926, 165.000000, 145.000000, 
0.000000, 0.000000, 0.000000, 34.000000, 0.000000, 130.000000, 30.000000, 30.000000, -30.000000, 70.000000, 60.000000, 60.000000, 100.000000, 14.000000, -55.000000, 316.000000, -14.481907, 235.481156, 99.699288, 92.636222, 177.000000, 139.000000, 
0.000000, 0.000000, 0.000000, 34.000000, 0.000000, 130.000000, 30.000000, 30.000000, -30.000000, 70.000000, 60.000000, 60.000000, 100.000000, 14.000000, -55.000000, 316.000000, -14.481907, 235.481156, 103.088393, 103.377019, 185.000000, 141.000000, 
0.000000, 0.000000, 0.000000, 34.000000, 0.000000, 130.000000, 30.000000, 30.000000, -30.000000, 70.000000, 60.000000, 60.000000, 100.000000, 14.000000, -55.000000, 316.000000, -14.481907, 235.481156, 105.728111, 117.447451, 193.000000, 140.000000, 
0.000000, 0.000000, 0.000000, 34.000000, 0.000000, 130.000000, 30.000000, 30.000000, -30.000000, 70.000000, 60.000000, 60.000000, 100.000000, 14.000000, -55.000000, 316.000000, -14.481907, 235.481156, 105.728111, 117.447451, 193.000000, 140.000000, 
0.000000, 0.000000, 0.000000, 34.000000, 0.000000, 130.000000, 30.000000, 30.000000, -30.000000, 70.000000, 60.000000, 60.000000, 100.000000, 14.000000, -55.000000, 316.000000, -14.481907, 235.481156, 103.088393, 103.377019, 185.000000, 141.000000, 
0.000000, 0.000000, 0.000000, 34.000000, 0.000000, 130.000000, 30.000000, 30.000000, -30.000000, 70.000000, 60.000000, 60.000000, 100.000000, 14.000000, -55.000000, 316.000000, -14.481907, 235.481156, 99.699288, 92.636222, 177.000000, 139.000000, 
0.000000, 0.000000, 0.000000, 34.000000, 0.000000, 130.000000, 30.000000, 30.000000, -30.000000, 70.000000, 60.000000, 60.000000, 100.000000, 14.000000, -55.000000, 316.000000, -14.481907, 235.481156, 96.919037, 85.923926, 165.000000, 145.000000, 
0.000000, 0.000000, 0.000000, 34.000000, 0.000000, 130.000000, 30.000000, 30.000000, -30.000000, 70.000000, 60.000000, 60.000000, 100.000000, 14.000000, -55.000000, 316.000000, -14.481907, 235.481156, 97.445552, 87.100531, 160.000000, 152.000000, 
0.000000, 0.000000, 0.000000, 34.000000, 0.000000, 130.000000, 30.000000, 30.000000, -30.000000, 70.000000, 60.000000, 60.000000, 100.000000, 14.000000, -55.000000, 316.000000, -14.481907, 235.481156, 97.996688, 88.374898, 150.000000, 162.000000, 
0.000000, 0.000000, 0.000000, 34.000000, 0.000000, 130.000000, 30.000000, 30.000000, -30.000000, 70.000000, 60.000000, 60.000000, 100.000000, 14.000000, -55.000000, 316.000000, -14.481907, 235.481156, 101.550791, 98.008801, 139.000000, 180.000000, 
0.000000, 0.000000, 0.000000, 34.000000, 0.000000, 130.000000, 30.000000, 30.000000, -30.000000, 70.000000, 60.000000, 60.000000, 100.000000, 14.000000, -55.000000, 316.000000, -14.481907, 235.481156, 103.455341, 104.840660, 133.000000, 190.000000, 
0.000000, 0.000000, 0.000000, 34.000000, 0.000000, 130.000000, 30.000000, 30.000000, -30.000000, 70.000000, 60.000000, 60.000000, 100.000000, 14.000000, -55.000000, 316.000000, -14.481907, 235.481156, 105.086103, 112.885361, 103.000000, 203.000000, 
0.000000, 0.000000, 0.000000, 34.000000, 0.000000, 130.000000, 30.000000, 30.000000, -30.000000, 70.000000, 60.000000, 60.000000, 100.000000, 14.000000, -55.000000, 316.000000, -14.481907, 235.481156, 106.455371, 128.196106, 91.000000, 217.000000, 
0.000000, 0.000000, 0.000000, 34.000000, 0.000000, 130.000000, 30.000000, 30.000000, -30.000000, 70.000000, 60.000000, 60.000000, 100.000000, 14.000000, -55.000000, 316.000000, -14.481907, 235.481156, 105.600795, 143.582053, 74.000000, 228.000000, 
0.000000, 0.000000, 0.000000, 34.000000, 0.000000, 130.000000, 30.000000, 30.000000, -30.000000, 70.000000, 60.000000, 60.000000, 100.000000, 14.000000, -55.000000, 316.000000, -14.481907, 235.481156, 101.453344, 162.298902, 68.000000, 246.000000, 
0.000000, 0.000000, 0.000000, 34.000000, 0.000000, 130.000000, 30.000000, 30.000000, -30.000000, 70.000000, 60.000000, 60.000000, 100.000000, 14.000000, -55.000000, 316.000000, -14.481907, 235.481156, 95.302228, 177.470889, 64.000000, 262.000000, 
0.000000, 0.000000, 0.000000, 34.000000, 0.000000, 130.000000, 30.000000, 30.000000, -30.000000, 70.000000, 60.000000, 60.000000, 100.000000, 14.000000, -55.000000, 316.000000, -14.481907, 235.481156, 80.853571, 199.272650, 53.000000, 285.000000, 
0.000000, 0.000000, 0.000000, 34.000000, 0.000000, 130.000000, 30.000000, 30.000000, -30.000000, 70.000000, 60.000000, 60.000000, 100.000000, 14.000000, -55.000000, 316.000000, -14.481907, 235.481156, 76.421416, 204.133441, 49.000000, 290.000000, 
0.000000, 0.000000, 0.000000, 34.000000, 0.000000, 130.000000, 30.000000, 30.000000, -30.000000, 70.000000, 60.000000, 60.000000, 100.000000, 14.000000, -55.000000, 316.000000, -14.481907, 235.481156, 70.952293, 209.383702, 46.000000, 296.000000, 
0.000000, 0.000000, 0.000000, 34.000000, 0.000000, 130.000000, 30.000000, 30.000000, -30.000000, 70.000000, 60.000000, 60.000000, 100.000000, 14.000000, -55.000000, 316.000000, -14.481907, 235.481156, 50.000000, 224.000000, 45.000000, 314.000000, 
