0.000000, 0.000000, 0.000000, 34.000000, 0.000000, 130.000000, -47.000000, 42.000000, -20.000000, 96.000000, 15.000000, 78.000000, -33.000000, 25.000000, -11.000000, 314.000000, -40.000000, 228.000000, 1.000000, 236.000000, 47.000000, 314.000000, 
0.000000, 0.000000, 0.000000, 34.000000, 0.000000, 130.000000, -47.000000, 42.000000, -20.000000, 96.000000, 15.000000, 78.000000, -33.000000, 25.000000, -17.000000, 301.000000, -56.696627, 219.383961, 1.000000, 236.000000, 47.000000, 314.000000, 
0.000000, 0.000000, 0.000000, 34.000000, 0.000000, 130.000000, -47.000000, 42.000000, -20.000000, 96.000000, 15.000000, 78.000000, -33.000000, 25.000000, -21.000000, 294.000000, -64.179904, 214.172086, 1.000000, 236.000000, 47.000000, 314.000000, 
0.000000, 0.000000, 0.000000, 34.000000, 0.000000, 130.000000, -47.000000, 42.000000, -20.000000, 96.000000, 15.000000, 78.000000, -33.000000, 25.000000, -28.000000, 273.000000, -80.373000, 198.878014, 1.000000, 236.000000, 47.000000, 314.000000, 
0.000000, 0.000000, 0.000000, 34.000000, 0.000000, 130.000000, -47.000000, 42.000000, -20.000000, 96.000000, 15.000000, 78.000000, -33.000000, 25.000000, -38.000000, 266.000000, -87.326681, 189.816810, 1.000000, 236.000000, 47.000000, 314.000000, 
0.000000, 0.000000, 0.000000, 34.000000, 0.000000, 130.000000, -47.000000, 42.000000, -20.000000, 96.000000, 15.000000, 78.000000, -33.000000, 25.000000, -42.000000, 249.000000, -95.486103, 175.677174, 1.000000, 236.000000, 47.000000, 314.000000, 
0.000000, 0.000000, 0.000000, 34.000000, 0.000000, 130.000000, -47.000000, 42.000000, -20.000000, 96.000000, 15.000000, 78.000000, -33.000000, 25.000000, -52.000000, 228.000000, -103.291813, 153.125773, 1.000000, 236.000000, 47.000000, 314.000000, 
0.000000, 0.000000, 0.000000, 34.000000, 0.000000, 130.000000, -47.000000, 42.000000, -20.000000, 96.000000, 15.000000, 78.000000, -33.000000, 25.000000, -59.000000, 217.000000, -105.462475, 139.036942, 1.000000, 236.000000, 47.000000, 314.000000, 
0.000000, 0.000000, 0.000000, 34.000000, 0.000000, 130.000000, -47.000000, 42.000000, -20.000000, 96.000000, 15.000000, 78.000000, -33.000000, 25.000000, -63.000000, 200.000000, -105.349392, 119.728405, 1.000000, 236.000000, 47.000000, 314.000000, 
0.000000, 0.000000, 0.000000, 34.000000, 0.000000, 130.000000, -47.000000, 42.000000, -20.000000, 96.000000, 15.000000, 78.000000, -33.000000, 25.000000, -63.000000, 196.000000, -104.846233, 115.464959, 1.000000, 236.000000, 47.000000, 314.000000, 
0.000000, 0.000000, 0.000000, 34.000000, 0.000000, 130.000000, -47.000000, 42.000000, -20.000000, 96.000000, 15.000000, 78.000000, -33.000000, 25.000000, -63.000000, 196.000000, -104.846233, 115.464959, 1.000000, 236.000000, 47.000000, 314.000000, 
0.000000, 0.000000, 0.000000, 34.000000, 0.000000, 130.000000, -47.000000, 42.000000, -20.000000, 96.000000, 15.000000, 78.000000, -33.000000, 25.000000, -63.000000, 200.000000, -105.349392, 119.728405, 1.000000, 236.000000, 47.000000, 314.000000, 
0.000000, 0.000000, 0.000000, 34.000000, 0.000000, 130.000000, -47.000000, 42.000000, -20.000000, 96.000000, 15.000000, 78.000000, -33.000000, 25.000000, -59.000000, 217.000000, -105.462475, 139.036942, 1.000000, 236.000000, 47.000000, 314.000000, 
0.000000, 0.000000, 0.000000, 34.000000, 0.000000, 130.000000, -47.000000, 42.000000, -20.000000, 96.000000, 15.000000, 78.000000, -33.000000, 25.000000, -52.000000, 228.000000, -103.291813, 153.125773, 1.000000, 236.000000, 47.000000, 314.000000, 
0.000000, 0.000000, 0.000000, 34.000000, 0.000000, 130.000000, -47.000000, 42.000000, -20.000000, 96.000000, 15.000000, 78.000000, -33.000000, 25.000000, -42.000000, 249.000000, -95.486103, 175.677174, 1.000000, 236.000000, 47.000000, 314.000000, 
0.000000, 0.000000, 0.000000, 34.000000, 0.000000, 130.000000, -47.000000, 42.000000, -20.000000, 96.000000, 15.000000, 78.000000, -33.000000, 25.000000, -38.000000, 266.000000, -87.326681, 189.816810, 1.000000, 236.000000, 47.000000, 314.000000, 
0.000000, 0.000000, 0.000000, 34.000000, 0.000000, 130.000000, -47.000000, 42.000000, -20.000000, 96.000000, 15.000000, 78.000000, -33.000000, 25.000000, -28.000000, 273.000000, -80.373000, 198.878014, 1.000000, 236.000000, 47.000000, 314.000000, 
0.000000, 0.000000, 0.000000, 34.000000, 0.000000, 130.000000, -47.000000, 42.000000, -20.000000, 96.000000, 15.000000, 78.000000, -33.000000, 25.000000, -21.000000, 294.000000, -64.179904, 214.172086, 1.000000, 236.000000, 47.000000, 314.000000, 
0.000000, 0.000000, 0.000000, 34.000000, 0.000000, 130.000000, -47.000000, 42.000000, -20.000000, 96.000000, 15.000000, 78.000000, -33.000000, 25.000000, -17.000000, 301.000000, -56.696627, 219.383961, 1.000000, 236.000000, 47.000000, 314.000000, 
0.000000, 0.000000, 0.000000, 34.000000, 0.000000, 130.000000, -47.000000, 42.000000, -20.000000, 96.000000, 15.000000, 78.000000, -33.000000, 25.000000, -11.000000, 314.000000, -40.000000, 228.000000, 1.000000, 236.000000, 47.000000, 314.000000, 
