0.000000, 0.000000, 0.000000, 34.000000, 0.000000, 130.000000, -47.000000, 42.000000, -20.000000, 96.000000, 15.000000, 78.000000, -33.000000, 25.000000, -11.000000, 314.000000, -40.000000, 228.000000, 1.000000, 236.000000, 47.000000, 314.000000, 
0.000000, 0.000000, 0.000000, 34.000000, 0.000000, 130.000000, -47.000000, 42.000000, -20.000000, 96.000000, 2.804749, 80.401868, -37.000000, 21.000000, -11.000000, 314.000000, -40.000000, 228.000000, 1.000000, 236.000000, 47.000000, 314.000000, 
0.000000, 0.000000, 0.000000, 34.000000, 0.000000, 130.000000, -47.000000, 42.000000, -20.000000, 96.000000, -9.333603, 79.539915, -44.000000, 17.000000, -11.000000, 314.000000, -40.000000, 228.000000, 1.000000, 236.000000, 47.000000, 314.000000, 
0.000000, 0.000000, 0.000000, 34.000000, 0.000000, 130.000000, -47.000000, 42.000000, -20.000000, 96.000000, -19.719619, 76.096753, -47.000000, 10.000000, -11.000000, 314.000000, -40.000000, 228.000000, 1.000000, 236.000000, 47.000000, 314.000000, 
0.000000, 0.000000, 0.000000, 34.000000, 0.000000, 130.000000, -47.000000, 42.000000, -20.000000, 96.000000, -28.366412, 70.828612, -51.000000, 3.000000, -11.000000, 314.000000, -40.000000, 228.000000, 1.000000, 236.000000, 47.000000, 314.000000, 
0.000000, 0.000000, 0.000000, 34.000000, 0.000000, 130.000000, -47.000000, 42.000000, -20.000000, 96.000000, -28.366412, 70.828612, -51.000000, 3.000000, -11.000000, 314.000000, -40.000000, 228.000000, 8.587880, 235.656274, 54.000000, 314.000000, 
0.000000, 0.000000, 0.000000, 34.000000, 0.000000, 130.000000, -47.000000, 42.000000, -20.000000, 96.000000, -28.366412, 70.828612, -51.000000, 3.000000, -2.000000, 315.000000, -34.235226, 230.159619, 8.587880, 235.656274, 54.000000, 314.000000, 
0.000000, 0.000000, 0.000000, 34.000000, 0.000000, 130.000000, -47.000000, 42.000000, -20.000000, 96.000000, -34.186593, 65.500427, -51.000000, -4.000000, -2.000000, 315.000000, -34.235226, 230.159619, 8.587880, 235.656274, 54.000000, 314.000000, 
0.000000, 0.000000, 0.000000, 34.000000, 0.000000, 130.000000, -47.000000, 42.000000, -20.000000, 96.000000, -40.344227, 57.094227, -48.000000, -14.000000, -2.000000, 315.000000, -34.235226, 230.159619, 13.484032, 235.143620, 58.000000, 314.000000, 
0.000000, 0.000000, 0.000000, 34.000000, 0.000000, 130.000000, -47.000000, 42.000000, -20.000000, 96.000000, -40.344227, 57.094227, -48.000000, -14.000000, -2.000000, 315.000000, -34.235226, 230.159619, 13.484032, 235.143620, 58.000000, 314.000000, 
0.000000, 0.000000, 0.000000, 34.000000, 0.000000, 130.000000, -47.000000, 42.000000, -20.000000, 96.000000, -34.186593, 65.500427, -51.000000, -4.000000, -2.000000, 315.000000, -34.235226, 230.159619, 8.587880, 235.656274, 54.000000, 314.000000, 
0.000000, 0.000000, 0.000000, 34.000000, 0.000000, 130.000000, -47.000000, 42.000000, -20.000000, 96.000000, -28.366412, 70.828612, -51.000000, 3.000000, -2.000000, 315.000000, -34.235226, 230.159619, 8.587880, 235.656274, 54.000000, 314.000000, 
0.000000, 0.000000, 0.000000, 34.000000, 0.000000, 130.000000, -47.000000, 42.000000, -20.000000, 96.000000, -28.366412, 70.828612, -51.000000, 3.000000, -11.000000, 314.000000, -40.000000, 228.000000, 8.587880, 235.656274, 54.000000, 314.000000, 
0.000000, 0.000000, 0.000000, 34.000000, 0.000000, 130.000000, -47.000000, 42.000000, -20.000000, 96.000000, -28.366412, 70.828612, -51.000000, 3.000000, -11.000000, 314.000000, -40.000000, 228.000000, 1.000000, 236.000000, 47.000000, 314.000000, 
0.000000, 0.000000, 0.000000, 34.000000, 0.000000, 130.000000, -47.000000, 42.000000, -20.000000, 96.000000, -19.719619, 76.096753, -47.000000, 10.000000, -11.000000, 314.000000, -40.000000, 228.000000, 1.000000, 236.000000, 47.000000, 314.000000, 
0.000000, 0.000000, 0.000000, 34.000000, 0.000000, 130.000000, -47.000000, 42.000000, -20.000000, 96.000000, -9.333603, 79.539915, -44.000000, 17.000000, -11.000000, 314.000000, -40.000000, 228.000000, 1.000000, 236.000000, 47.000000, 314.000000, 
0.000000, 0.000000, 0.000000, 34.000000, 0.000000, 130.000000, -47.000000, 42.000000, -20.000000, 96.000000, 2.804749, 80.401868, -37.000000, 21.000000, -11.000000, 314.000000, -40.000000, 228.000000, 1.000000, 236.000000, 47.000000, 314.000000, 
0.000000, 0.000000, 0.000000, 34.000000, 0.000000, 130.000000, -47.000000, 42.000000, -20.000000, 96.000000, 15.000000, 78.000000, -33.000000, 25.000000, -11.000000, 314.000000, -40.000000, 228.000000, 1.000000, 236.000000, 47.000000, 314.000000, 
