0.000000, 0.000000, 0.000000, 34.000000, 0.000000, 130.000000, 33.000000, 25.000000, -15.000000, 78.000000, 20.000000, 96.000000, 47.000000, 42.000000, -47.000000, 314.000000, -1.000000, 236.000000, 40.000000, 228.000000, 11.000000, 314.000000, 
0.000000, 0.000000, 0.000000, 34.000000, 0.000000, 130.000000, 33.000000, 25.000000, -15.000000, 78.000000, 20.000000, 96.000000, 47.000000, 42.000000, -47.000000, 314.000000, -1.000000, 236.000000, 44.687175, 225.953407, 13.000000, 311.000000, 
0.000000, 0.000000, 0.000000, 34.000000, 0.000000, 130.000000, 33.000000, 25.000000, -15.000000, 78.000000, 20.000000, 96.000000, 47.000000, 42.000000, -47.000000, 314.000000, -1.000000, 236.000000, 54.340814, 220.835433, 18.000000, 304.000000, 
0.000000, 0.000000, 0.000000, 34.000000, 0.000000, 130.000000, 33.000000, 25.000000, -15.000000, 78.000000, 20.000000, 96.000000, 47.000000, 42.000000, -47.000000, 314.000000, -1.000000, 236.000000, 57.867703, 218.630294, 22.000000, 302.000000, 
0.000000, 0.000000, 0.000000, 34.000000, 0.000000, 130.000000, 33.000000, 25.000000, -15.000000, 78.000000, 20.000000, 96.000000, 47.000000, 42.000000, -49.000000, 314.000000, -3.067333, 235.960330, 57.867703, 218.630294, 22.000000, 302.000000, 
0.000000, 0.000000, 0.000000, 34.000000, 0.000000, 130.000000, 33.000000, 25.000000, -15.000000, 78.000000, 20.000000, 96.000000, 47.000000, 42.000000, -49.000000, 314.000000, -3.067333, 235.960330, 58.085626, 218.487626, 25.000000, 303.000000, 
0.000000, 0.000000, 0.000000, 34.000000, 0.000000, 130.000000, 33.000000, 25.000000, -15.000000, 78.000000, 20.000000, 96.000000, 47.000000, 42.000000, -53.000000, 313.000000, -5.575190, 235.858005, 58.085626, 218.487626, 25.000000, 303.000000, 
0.000000, 0.000000, 0.000000, 34.000000, 0.000000, 130.000000, 33.000000, 25.000000, -15.000000, 78.000000, 20.000000, 96.000000, 47.000000, 42.000000, -53.000000, 313.000000, -5.575190, 235.858005, 58.881411, 217.960102, 30.000000, 304.000000, 
0.000000, 0.000000, 0.000000, 34.000000, 0.000000, 130.000000, 33.000000, 25.000000, -15.000000, 78.000000, 20.000000, 96.000000, 47.000000, 42.000000, -58.000000, 313.000000, -11.333109, 235.397157, 58.881411, 217.960102, 30.000000, 304.000000, 
0.000000, 0.000000, 0.000000, 34.000000, 0.000000, 130.000000, 33.000000, 25.000000, -15.000000, 78.000000, 20.000000, 96.000000, 47.000000, 42.000000, -58.000000, 313.000000, -11.333109, 235.397157, 58.076224, 218.493798, 34.000000, 306.000000, 
0.000000, 0.000000, 0.000000, 34.000000, 0.000000, 130.000000, 33.000000, 25.000000, -15.000000, 78.000000, 20.000000, 96.000000, 47.000000, 42.000000, -61.000000, 313.000000, -15.139177, 234.918089, 58.076224, 218.493798, 34.000000, 306.000000, 
0.000000, 0.000000, 0.000000, 34.000000, 0.000000, 130.000000, 33.000000, 25.000000, -15.000000, 78.000000, 20.000000, 96.000000, 47.000000, 42.000000, -61.000000, 313.000000, -15.139177, 234.918089, 54.398653, 220.800807, 33.000000, 309.000000, 
0.000000, 0.000000, 0.000000, 34.000000, 0.000000, 130.000000, 33.000000, 25.000000, -15.000000, 78.000000, 20.000000, 96.000000, 47.000000, 42.000000, -63.000000, 314.000000, -20.606501, 233.982557, 54.398653, 220.800807, 33.000000, 309.000000, 
0.000000, 0.000000, 0.000000, 34.000000, 0.000000, 130.000000, 33.000000, 25.000000, -15.000000, 78.000000, 20.000000, 96.000000, 47.000000, 42.000000, -63.000000, 314.000000, -20.606501, 233.982557, 50.608393, 222.966610, 33.000000, 312.000000, 
0.000000, 0.000000, 0.000000, 34.000000, 0.000000, 130.000000, 33.000000, 25.000000, -15.000000, 78.000000, 20.000000, 96.000000, 47.000000, 42.000000, -63.000000, 314.000000, -20.606501, 233.982557, 48.017191, 224.331063, 34.000000, 314.000000, 
