0, 0, 0, 34, 0, 130, -47, 42, -20, 96, 15, 78, -33, 25, -11, 314, -40, 228, 1, 236, 47, 314, 
0, 0, 0, 34, 0, 130, -47, 42, -20, 96, 15, 78, -33, 25, 15, 312, -28, 232, 1, 236, 47, 314, 
0, 0, 0, 34, 0, 130, -47, 42, -20, 96, 15, 78, -33, 25, 34, 314, -11, 235, 1, 236, 47, 314, 
0, 0, 0, 34, 0, 130, -47, 42, -20, 96, 15, 78, -33, 25, 34, 314, -11, 235, -18, 234, 23, 315, 
0, 0, 0, 34, 0, 130, -47, 42, -20, 96, 15, 78, -33, 25, 34, 314, -11, 235, -36, 229, -9, 316, 
0, 0, 0, 34, 0, 130, -47, 42, -20, 96, 15, 78, -33, 25, 34, 314, -11, 235, -30, 231, -31, 322, 
0, 0, 0, 34, 0, 130, -47, 42, -20, 96, 15, 78, -33, 25, 34, 314, -11, 235, -40, 227, -57, 317, 
0, 0, 0, 34, 0, 130, -47, 42, -20, 96, 15, 78, -33, 25, 34, 314, -11, 235, -50, 223, -73, 311, 
0, 0, 0, 34, 0, 130, -47, 42, -20, 96, 15, 78, -33, 25, 34, 314, -11, 235, -48, 224, -35, 314, 
0, 0, 0, 34, 0, 130, -47, 42, -20, 96, 15, 78, -33, 25, 42, 317, 1, 235, -43, 226, -28, 316, 
0, 0, 0, 34, 0, 130, -63, 45, -26, 93, 15, 78, -33, 25, 42, 317, 1, 235, -43, 226, -28, 316, 
0, 0, 0, 34, 0, 130, -84, 40, -42, 83, 15, 78, -33, 25, 54, 314, 8, 235, -41, 227, -21, 316, 
0, 0, 0, 34, 0, 130, -104, 35, -54, 69, 15, 78, -33, 25, 54, 314, 8, 235, -41, 227, -21, 316, 
0, 0, 0, 34, 0, 130, -122, 36, -63, 49, 15, 78, -33, 25, 63, 313, 17, 234, -42, 227, -13, 313, 
0, 0, 0, 34, 0, 130, -125, 36, -64, 40, 15, 78, -33, 25, 63, 313, 17, 234, -42, 227, -13, 313, 
0, 0, 0, 34, 0, 130, -112, 39, -57, 64, 15, 78, -33, 25, 63, 313, 17, 234, -42, 227, -13, 313, 
0, 0, 0, 34, 0, 130, -103, 38, -53, 71, 15, 78, -33, 25, 63, 313, 17, 234, -42, 227, -13, 313, 
0, 0, 0, 34, 0, 130, -89, 45, -42, 83, 15, 78, -33, 25, 63, 313, 17, 234, -42, 227, -13, 313, 
0, 0, 0, 34, 0, 130, -73, 51, -28, 92, 15, 78, -33, 25, 63, 313, 17, 234, -42, 227, -13, 313, 
0, 0, 0, 34, 0, 130, -73, 51, -28, 92, 31, 68, -37, 48, 63, 313, 17, 234, -42, 227, -13, 313, 
0, 0, 0, 34, 0, 130, -56, 63, -7, 98, 31, 68, -37, 48, 63, 313, 17, 234, -42, 227, -13, 313, 
0, 0, 0, 34, 0, 130, -56, 63, -7, 98, 4, 80, -59, 48, 63, 313, 17, 234, -42, 227, -13, 313, 
0, 0, 0, 34, 0, 130, -41, 68, 11, 98, -1, 80, -65, 48, 63, 313, 17, 234, -42, 227, -13, 313, 
0, 0, 0, 34, 0, 130, -34, 69, 20, 96, -16, 77, -75, 36, 63, 313, 17, 234, -42, 227, -13, 313, 
0, 0, 0, 34, 0, 130, -34, 69, 20, 96, -28, 70, -83, 25, 63, 313, 17, 234, -42, 227, -13, 313, 
0, 0, 0, 34, 0, 130, -24, 75, 34, 89, -41, 54, -79, -6, 63, 313, 17, 234, -42, 227, -13, 313, 
0, 0, 0, 34, 0, 130, -24, 75, 34, 89, -41, 54, -79, -6, 63, 313, 17, 234, -42, 227, -13, 313, 
0, 0, 0, 34, 0, 130, -24, 75, 34, 89, -45, 42, -83, -19, 63, 313, 17, 234, -42, 227, -13, 313, 
0, 0, 0, 34, 0, 130, -24, 75, 34, 89, -38, 60, -69, -4, 63, 313, 17, 234, -36, 229, 1, 312, 
0, 0, 0, 34, 0, 130, -24, 75, 34, 89, -27, 71, -60, 8, 45, 301, -16, 234, -28, 232, 14, 312, 
0, 0, 0, 34, 0, 130, -24, 75, 34, 89, -13, 78, -58, 22, 22, 291, -42, 227, -28, 232, 14, 312, 
0, 0, 0, 34, 0, 130, -24, 75, 34, 89, -13, 78, -58, 22, -4, 278, -66, 212, -21, 233, 21, 314, 
0, 0, 0, 34, 0, 130, -43, 72, 11, 98, 8, 79, -40, 27, -4, 278, -66, 212, -21, 233, 21, 314, 
0, 0, 0, 34, 0, 130, -49, 68, 2, 99, 18, 76, -35, 29, -19, 275, -75, 204, -19, 234, 25, 313, 
0, 0, 0, 34, 0, 130, -57, 66, -6, 98, 18, 76, -35, 29, -38, 260, -90, 185, -13, 235, 33, 313, 
0, 0, 0, 34, 0, 130, -57, 66, -6, 98, 18, 76, -35, 29, -56, 240, -101, 161, -13, 235, 33, 313, 
0, 0, 0, 34, 0, 130, -57, 66, -6, 98, 18, 76, -35, 29, -84, 229, -105, 140, -4, 235, 41, 314, 
0, 0, 0, 34, 0, 130, -56, 50, -17, 96, 18, 76, -35, 29, -102, 220, -105, 129, -4, 235, 41, 314, 
0, 0, 0, 34, 0, 130, -48, 48, -13, 97, 18, 76, -35, 29, -125, 194, -103, 105, -4, 235, 41, 314, 
0, 0, 0, 34, 0, 130, -48, 48, -13, 97, 18, 76, -35, 29, -145, 178, -101, 98, -4, 235, 41, 314, 
0, 0, 0, 34, 0, 130, -48, 48, -13, 97, 18, 76, -35, 29, -158, 166, -100, 95, -4, 235, 41, 314, 
0, 0, 0, 34, 0, 130, -48, 48, -13, 97, 18, 76, -35, 29, -170, 156, -100, 97, -4, 235, 41, 314, 
0, 0, 0, 34, 0, 130, -48, 48, -13, 97, 18, 76, -35, 29, -191, 150, -105, 119, -4, 235, 41, 314, 
0, 0, 0, 34, 0, 130, -48, 48, -13, 97, 18, 76, -35, 29, -169, 150, -98, 92, -4, 235, 41, 314, 
0, 0, 0, 34, 0, 130, -48, 48, -13, 97, 18, 76, -35, 29, -154, 169, -100, 95, -4, 235, 41, 314, 
0, 0, 0, 34, 0, 130, -48, 48, -13, 97, 18, 76, -35, 29, -134, 177, -99, 93, -4, 235, 41, 314, 
0, 0, 0, 34, 0, 130, -48, 48, -13, 97, 18, 76, -35, 29, -100, 210, -105, 119, -4, 235, 41, 314, 
0, 0, 0, 34, 0, 130, -48, 48, -13, 97, 18, 76, -35, 29, -82, 241, -103, 152, -4, 235, 41, 314, 
0, 0, 0, 34, 0, 130, -48, 48, -13, 97, 18, 76, -35, 29, -70, 261, -96, 174, -4, 235, 41, 314, 
0, 0, 0, 34, 0, 130, -48, 48, -13, 97, 18, 76, -35, 29, -57, 274, -88, 188, -4, 235, 41, 314, 
0, 0, 0, 34, 0, 130, -48, 48, -13, 97, 18, 76, -35, 29, -41, 285, -77, 201, 3, 235, 51, 313, 
0, 0, 0, 34, 0, 130, -48, 48, -13, 97, 18, 76, -35, 29, -26, 294, -66, 212, 3, 235, 51, 313, 
0, 0, 0, 34, 0, 130, -48, 48, -13, 97, 18, 76, -35, 29, -16, 307, -50, 223, 9, 235, 58, 312, 
0, 0, 0, 34, 0, 130, -48, 48, -13, 97, 18, 76, -35, 29, -8, 313, -39, 228, 18, 234, 60, 315, 
