0, 0, 0, 34, 0, 130, -55, 46, -20, 96, 7, 80, -42, 28, -45, 314, -50, 224, 50, 224, 55, 314, 
0, 0, 0, 34, 0, 130, -63, 39, -31, 91, 7, 80, -42, 28, -45, 314, -50, 224, 50, 224, 55, 314, 
0, 0, 0, 34, 0, 130, -71, 33, -40, 85, 7, 80, -42, 28, -45, 314, -50, 224, 50, 224, 55, 314, 
0, 0, 0, 34, 0, 130, -85, 29, -48, 77, 7, 80, -42, 28, -45, 314, -50, 224, 50, 224, 55, 314, 
0, 0, 0, 34, 0, 130, -100, 31, -53, 70, 7, 80, -42, 28, -45, 314, -50, 224, 50, 224, 55, 314, 
0, 0, 0, 34, 0, 130, -110, 29, -58, 62, 7, 80, -42, 28, -45, 314, -50, 224, 50, 224, 55, 314, 
0, 0, 0, 34, 0, 130, -116, 31, -61, 57, 7, 80, -42, 28, -45, 314, -50, 224, 50, 224, 55, 314, 
0, 0, 0, 34, 0, 130, -116, 31, -61, 57, 10, 79, -39, 27, -45, 314, -50, 224, 50, 224, 55, 314, 
0, 0, 0, 34, 0, 130, -120, 29, -63, 50, 22, 75, -34, 30, -45, 314, -50, 224, 50, 224, 55, 314, 
0, 0, 0, 34, 0, 130, -124, 28, -64, 42, 22, 75, -34, 30, -45, 314, -50, 224, 50, 224, 55, 314, 
0, 0, 0, 34, 0, 130, -126, 30, -65, 36, 28, 71, -32, 32, -45, 314, -50, 224, 50, 224, 55, 314, 
0, 0, 0, 34, 0, 130, -126, 30, -65, 36, 28, 71, -32, 32, -45, 314, -50, 224, 50, 224, 55, 314, 
0, 0, 0, 34, 0, 130, -124, 28, -64, 42, 22, 75, -34, 30, -45, 314, -50, 224, 50, 224, 55, 314, 
0, 0, 0, 34, 0, 130, -120, 29, -63, 50, 22, 75, -34, 30, -45, 314, -50, 224, 50, 224, 55, 314, 
0, 0, 0, 34, 0, 130, -116, 31, -61, 57, 10, 79, -39, 27, -45, 314, -50, 224, 50, 224, 55, 314, 
0, 0, 0, 34, 0, 130, -116, 31, -61, 57, 7, 80, -42, 28, -45, 314, -50, 224, 50, 224, 55, 314, 
0, 0, 0, 34, 0, 130, -110, 29, -58, 62, 7, 80, -42, 28, -45, 314, -50, 224, 50, 224, 55, 314, 
0, 0, 0, 34, 0, 130, -100, 31, -53, 70, 7, 80, -42, 28, -45, 314, -50, 224, 50, 224, 55, 314, 
0, 0, 0, 34, 0, 130, -85, 29, -48, 77, 7, 80, -42, 28, -45, 314, -50, 224, 50, 224, 55, 314, 
0, 0, 0, 34, 0, 130, -71, 33, -40, 85, 7, 80, -42, 28, -45, 314, -50, 224, 50, 224, 55, 314, 
0, 0, 0, 34, 0, 130, -63, 39, -31, 91, 7, 80, -42, 28, -45, 314, -50, 224, 50, 224, 55, 314, 
0, 0, 0, 34, 0, 130, -55, 46, -20, 96, 7, 80, -42, 28, -45, 314, -50, 224, 50, 224, 55, 314, 
