0, 0, 0, 34, 0, 130, 33, 25, -15, 78, 20, 96, 47, 42, -47, 314, -1, 236, 40, 228, 11, 314, 
0, 0, 0, 34, 0, 130, 33, 25, -15, 78, 20, 96, 47, 42, -47, 314, -1, 236, 28, 232, -15, 312, 
0, 0, 0, 34, 0, 130, 33, 25, -15, 78, 20, 96, 47, 42, -47, 314, -1, 236, 11, 235, -34, 314, 
0, 0, 0, 34, 0, 130, 33, 25, -15, 78, 20, 96, 47, 42, -23, 315, 18, 234, 11, 235, -34, 314, 
0, 0, 0, 34, 0, 130, 33, 25, -15, 78, 20, 96, 47, 42, 9, 316, 36, 229, 11, 235, -34, 314, 
0, 0, 0, 34, 0, 130, 33, 25, -15, 78, 20, 96, 47, 42, 31, 322, 30, 231, 11, 235, -34, 314, 
0, 0, 0, 34, 0, 130, 33, 25, -15, 78, 20, 96, 47, 42, 57, 317, 40, 227, 11, 235, -34, 314, 
0, 0, 0, 34, 0, 130, 33, 25, -15, 78, 20, 96, 47, 42, 73, 311, 50, 223, 11, 235, -34, 314, 
0, 0, 0, 34, 0, 130, 33, 25, -15, 78, 20, 96, 47, 42, 35, 314, 48, 224, 11, 235, -34, 314, 
0, 0, 0, 34, 0, 130, 33, 25, -15, 78, 20, 96, 47, 42, 28, 316, 43, 226, -1, 235, -42, 317, 
0, 0, 0, 34, 0, 130, 33, 25, -15, 78, 26, 93, 63, 45, 28, 316, 43, 226, -1, 235, -42, 317, 
0, 0, 0, 34, 0, 130, 33, 25, -15, 78, 42, 83, 84, 40, 21, 316, 41, 227, -8, 235, -54, 314, 
0, 0, 0, 34, 0, 130, 33, 25, -15, 78, 54, 69, 104, 35, 21, 316, 41, 227, -8, 235, -54, 314, 
0, 0, 0, 34, 0, 130, 33, 25, -15, 78, 63, 49, 122, 36, 13, 313, 42, 227, -17, 234, -63, 313, 
0, 0, 0, 34, 0, 130, 33, 25, -15, 78, 64, 40, 125, 36, 13, 313, 42, 227, -17, 234, -63, 313, 
0, 0, 0, 34, 0, 130, 33, 25, -15, 78, 57, 64, 112, 39, 13, 313, 42, 227, -17, 234, -63, 313, 
0, 0, 0, 34, 0, 130, 33, 25, -15, 78, 53, 71, 103, 38, 13, 313, 42, 227, -17, 234, -63, 313, 
0, 0, 0, 34, 0, 130, 33, 25, -15, 78, 42, 83, 89, 45, 13, 313, 42, 227, -17, 234, -63, 313, 
0, 0, 0, 34, 0, 130, 33, 25, -15, 78, 28, 92, 73, 51, 13, 313, 42, 227, -17, 234, -63, 313, 
0, 0, 0, 34, 0, 130, 37, 48, -31, 68, 28, 92, 73, 51, 13, 313, 42, 227, -17, 234, -63, 313, 
0, 0, 0, 34, 0, 130, 37, 48, -31, 68, 7, 98, 56, 63, 13, 313, 42, 227, -17, 234, -63, 313, 
0, 0, 0, 34, 0, 130, 59, 48, -4, 80, 7, 98, 56, 63, 13, 313, 42, 227, -17, 234, -63, 313, 
0, 0, 0, 34, 0, 130, 65, 48, 1, 80, -11, 98, 41, 68, 13, 313, 42, 227, -17, 234, -63, 313, 
0, 0, 0, 34, 0, 130, 75, 36, 16, 77, -20, 96, 34, 69, 13, 313, 42, 227, -17, 234, -63, 313, 
0, 0, 0, 34, 0, 130, 83, 25, 28, 70, -20, 96, 34, 69, 13, 313, 42, 227, -17, 234, -63, 313, 
0, 0, 0, 34, 0, 130, 79, -6, 41, 54, -34, 89, 24, 75, 13, 313, 42, 227, -17, 234, -63, 313, 
0, 0, 0, 34, 0, 130, 79, -6, 41, 54, -34, 89, 24, 75, 13, 313, 42, 227, -17, 234, -63, 313, 
0, 0, 0, 34, 0, 130, 83, -19, 45, 42, -34, 89, 24, 75, 13, 313, 42, 227, -17, 234, -63, 313, 
0, 0, 0, 34, 0, 130, 69, -4, 38, 60, -34, 89, 24, 75, -1, 312, 36, 229, -17, 234, -63, 313, 
0, 0, 0, 34, 0, 130, 60, 8, 27, 71, -34, 89, 24, 75, -14, 312, 28, 232, 16, 234, -45, 301, 
0, 0, 0, 34, 0, 130, 58, 22, 13, 78, -34, 89, 24, 75, -14, 312, 28, 232, 42, 227, -22, 291, 
0, 0, 0, 34, 0, 130, 58, 22, 13, 78, -34, 89, 24, 75, -21, 314, 21, 233, 66, 212, 4, 278, 
0, 0, 0, 34, 0, 130, 40, 27, -8, 79, -11, 98, 43, 72, -21, 314, 21, 233, 66, 212, 4, 278, 
0, 0, 0, 34, 0, 130, 35, 29, -18, 76, -2, 99, 49, 68, -25, 313, 19, 234, 75, 204, 19, 275, 
0, 0, 0, 34, 0, 130, 35, 29, -18, 76, 6, 98, 57, 66, -33, 313, 13, 235, 90, 185, 38, 260, 
0, 0, 0, 34, 0, 130, 35, 29, -18, 76, 6, 98, 57, 66, -33, 313, 13, 235, 101, 161, 56, 240, 
0, 0, 0, 34, 0, 130, 35, 29, -18, 76, 6, 98, 57, 66, -41, 314, 4, 235, 105, 140, 84, 229, 
0, 0, 0, 34, 0, 130, 35, 29, -18, 76, 17, 96, 56, 50, -41, 314, 4, 235, 105, 129, 102, 220, 
0, 0, 0, 34, 0, 130, 35, 29, -18, 76, 13, 97, 48, 48, -41, 314, 4, 235, 103, 105, 125, 194, 
0, 0, 0, 34, 0, 130, 35, 29, -18, 76, 13, 97, 48, 48, -41, 314, 4, 235, 101, 98, 145, 178, 
0, 0, 0, 34, 0, 130, 35, 29, -18, 76, 13, 97, 48, 48, -41, 314, 4, 235, 100, 95, 158, 166, 
0, 0, 0, 34, 0, 130, 35, 29, -18, 76, 13, 97, 48, 48, -41, 314, 4, 235, 100, 97, 170, 156, 
0, 0, 0, 34, 0, 130, 35, 29, -18, 76, 13, 97, 48, 48, -41, 314, 4, 235, 105, 119, 191, 150, 
0, 0, 0, 34, 0, 130, 35, 29, -18, 76, 13, 97, 48, 48, -41, 314, 4, 235, 98, 92, 169, 150, 
0, 0, 0, 34, 0, 130, 35, 29, -18, 76, 13, 97, 48, 48, -41, 314, 4, 235, 100, 95, 154, 169, 
0, 0, 0, 34, 0, 130, 35, 29, -18, 76, 13, 97, 48, 48, -41, 314, 4, 235, 99, 93, 134, 177, 
0, 0, 0, 34, 0, 130, 35, 29, -18, 76, 13, 97, 48, 48, -41, 314, 4, 235, 105, 119, 100, 210, 
0, 0, 0, 34, 0, 130, 35, 29, -18, 76, 13, 97, 48, 48, -41, 314, 4, 235, 103, 152, 82, 241, 
0, 0, 0, 34, 0, 130, 35, 29, -18, 76, 13, 97, 48, 48, -41, 314, 4, 235, 96, 174, 70, 261, 
0, 0, 0, 34, 0, 130, 35, 29, -18, 76, 13, 97, 48, 48, -41, 314, 4, 235, 88, 188, 57, 274, 
0, 0, 0, 34, 0, 130, 35, 29, -18, 76, 13, 97, 48, 48, -51, 313, -3, 235, 77, 201, 41, 285, 
0, 0, 0, 34, 0, 130, 35, 29, -18, 76, 13, 97, 48, 48, -51, 313, -3, 235, 66, 212, 26, 294, 
0, 0, 0, 34, 0, 130, 35, 29, -18, 76, 13, 97, 48, 48, -58, 312, -9, 235, 50, 223, 16, 307, 
0, 0, 0, 34, 0, 130, 35, 29, -18, 76, 13, 97, 48, 48, -60, 315, -18, 234, 39, 228, 8, 313, 
