0, 0, 0, 34, 0, 130, -47, 42, -20, 96, 15, 78, -33, 25, -11, 314, -40, 228, 1, 236, 47, 314, 
0, 0, 0, 34, 0, 130, -51, 52, -11, 98, 15, 78, -33, 25, -11, 314, -40, 228, 1, 236, 47, 314, 
0, 0, 0, 34, 0, 130, -54, 60, -7, 98, 15, 78, -33, 25, -11, 314, -40, 228, 1, 236, 47, 314, 
0, 0, 0, 34, 0, 130, -58, 73, -3, 99, 15, 78, -33, 25, -11, 314, -40, 228, 1, 236, 47, 314, 
0, 0, 0, 34, 0, 130, -67, 74, -11, 98, 15, 78, -33, 25, -11, 314, -40, 228, 1, 236, 47, 314, 
0, 0, 0, 34, 0, 130, -77, 69, -22, 95, 15, 78, -33, 25, -11, 314, -40, 228, 1, 236, 47, 314, 
0, 0, 0, 34, 0, 130, -88, 61, -34, 89, 15, 78, -33, 25, -11, 314, -40, 228, 1, 236, 47, 314, 
0, 0, 0, 34, 0, 130, -102, 50, -48, 77, 15, 78, -33, 25, -11, 314, -40, 228, 1, 236, 47, 314, 
0, 0, 0, 34, 0, 130, -100, 38, -51, 73, 15, 78, -33, 25, -11, 314, -40, 228, 1, 236, 47, 314, 
0, 0, 0, 34, 0, 130, -109, 27, -59, 61, 15, 78, -33, 25, -11, 314, -40, 228, 1, 236, 47, 314, 
0, 0, 0, 34, 0, 130, -104, 16, -60, 57, 15, 78, -33, 25, -11, 314, -40, 228, 1, 236, 47, 314, 
0, 0, 0, 34, 0, 130, -104, 7, -62, 51, 15, 78, -33, 25, -11, 314, -40, 228, 1, 236, 47, 314, 
0, 0, 0, 34, 0, 130, -106, -10, -65, 34, 15, 78, -33, 25, -11, 314, -40, 228, 1, 236, 47, 314, 
0, 0, 0, 34, 0, 130, -106, -10, -65, 34, 15, 78, -33, 25, -11, 314, -40, 228, 1, 236, 47, 314, 
0, 0, 0, 34, 0, 130, -104, 7, -62, 51, 15, 78, -33, 25, -11, 314, -40, 228, 1, 236, 47, 314, 
0, 0, 0, 34, 0, 130, -104, 16, -60, 57, 15, 78, -33, 25, -11, 314, -40, 228, 1, 236, 47, 314, 
0, 0, 0, 34, 0, 130, -109, 27, -59, 61, 15, 78, -33, 25, -11, 314, -40, 228, 1, 236, 47, 314, 
0, 0, 0, 34, 0, 130, -100, 38, -51, 73, 15, 78, -33, 25, -11, 314, -40, 228, 1, 236, 47, 314, 
0, 0, 0, 34, 0, 130, -102, 50, -48, 77, 15, 78, -33, 25, -11, 314, -40, 228, 1, 236, 47, 314, 
0, 0, 0, 34, 0, 130, -88, 61, -34, 89, 15, 78, -33, 25, -11, 314, -40, 228, 1, 236, 47, 314, 
0, 0, 0, 34, 0, 130, -77, 69, -22, 95, 15, 78, -33, 25, -11, 314, -40, 228, 1, 236, 47, 314, 
0, 0, 0, 34, 0, 130, -67, 74, -11, 98, 15, 78, -33, 25, -11, 314, -40, 228, 1, 236, 47, 314, 
0, 0, 0, 34, 0, 130, -58, 73, -3, 99, 15, 78, -33, 25, -11, 314, -40, 228, 1, 236, 47, 314, 
0, 0, 0, 34, 0, 130, -54, 60, -7, 98, 15, 78, -33, 25, -11, 314, -40, 228, 1, 236, 47, 314, 
0, 0, 0, 34, 0, 130, -51, 52, -11, 98, 15, 78, -33, 25, -11, 314, -40, 228, 1, 236, 47, 314, 
0, 0, 0, 34, 0, 130, -47, 42, -20, 96, 15, 78, -33, 25, -11, 314, -40, 228, 1, 236, 47, 314, 
