0, 0, 0, 34, 0, 130, -47, 42, -20, 96, 15, 78, -33, 25, -11, 314, -40, 228, 1, 236, 47, 314, 
0, 0, 0, 34, 0, 130, -47, 42, -20, 96, 15, 78, -33, 25, -8, 315, -37, 229, -6, 235, 44, 311, 
0, 0, 0, 34, 0, 130, -47, 42, -20, 96, 15, 78, -33, 25, -4, 315, -35, 229, -14, 234, 40, 307, 
0, 0, 0, 34, 0, 130, -47, 42, -20, 96, 15, 78, -33, 25, 4, 313, -33, 230, -28, 232, 30, 301, 
0, 0, 0, 34, 0, 130, -47, 42, -20, 96, 15, 78, -33, 25, 7, 314, -30, 231, -28, 232, 30, 301, 
0, 0, 0, 34, 0, 130, -47, 42, -20, 96, 15, 78, -33, 25, 7, 314, -30, 231, -36, 229, 21, 299, 
0, 0, 0, 34, 0, 130, -47, 42, -20, 96, 15, 78, -33, 25, 7, 314, -30, 231, -47, 224, 17, 289, 
0, 0, 0, 34, 0, 130, -47, 42, -20, 96, 15, 78, -33, 25, 7, 314, -30, 231, -55, 220, 9, 284, 
0, 0, 0, 34, 0, 130, -47, 42, -20, 96, 15, 78, -33, 25, 7, 314, -30, 231, -61, 216, 2, 281, 
0, 0, 0, 34, 0, 130, -47, 42, -20, 96, 15, 78, -33, 25, 7, 314, -30, 231, -66, 212, -3, 277, 
0, 0, 0, 34, 0, 130, -47, 42, -20, 96, 15, 78, -33, 25, 7, 314, -30, 231, -71, 207, -10, 274, 
0, 0, 0, 34, 0, 130, -47, 42, -20, 96, 15, 78, -33, 25, 7, 314, -30, 231, -77, 202, -18, 270, 
0, 0, 0, 34, 0, 130, -47, 42, -20, 96, 15, 78, -33, 25, 7, 314, -30, 231, -86, 191, -31, 263, 
0, 0, 0, 34, 0, 130, -47, 42, -20, 96, 15, 78, -33, 25, 7, 314, -30, 231, -90, 185, -37, 259, 
0, 0, 0, 34, 0, 130, -47, 42, -20, 96, 15, 78, -33, 25, 7, 314, -30, 231, -93, 180, -46, 258, 
0, 0, 0, 34, 0, 130, -47, 42, -20, 96, 15, 78, -33, 25, 7, 314, -30, 231, -96, 174, -55, 255, 
0, 0, 0, 34, 0, 130, -47, 42, -20, 96, 15, 78, -33, 25, 7, 314, -30, 231, -100, 163, -66, 247, 
0, 0, 0, 34, 0, 130, -47, 42, -20, 96, 15, 78, -33, 25, 7, 314, -30, 231, -102, 157, -72, 243, 
0, 0, 0, 34, 0, 130, -47, 42, -20, 96, 15, 78, -33, 25, 7, 314, -30, 231, -105, 144, -82, 232, 
0, 0, 0, 34, 0, 130, -47, 42, -20, 96, 15, 78, -33, 25, 7, 314, -30, 231, -105, 133, -90, 223, 
0, 0, 0, 34, 0, 130, -47, 42, -20, 96, 15, 78, -33, 25, 7, 314, -30, 231, -105, 126, -93, 216, 
0, 0, 0, 34, 0, 130, -47, 42, -20, 96, 15, 78, -33, 25, 7, 314, -30, 231, -105, 117, -100, 208, 
0, 0, 0, 34, 0, 130, -47, 42, -20, 96, 15, 78, -33, 25, 7, 314, -30, 231, -104, 113, -109, 204, 
0, 0, 0, 34, 0, 130, -47, 42, -20, 96, 15, 78, -33, 25, 10, 313, -29, 231, -104, 111, -111, 202, 
0, 0, 0, 34, 0, 130, -47, 42, -20, 96, 15, 78, -33, 25, 10, 313, -29, 231, -101, 100, -121, 189, 
0, 0, 0, 34, 0, 130, -47, 42, -20, 96, 15, 78, -33, 25, 10, 313, -29, 231, -100, 97, -132, 182, 
0, 0, 0, 34, 0, 130, -47, 42, -20, 96, 15, 78, -33, 25, 10, 313, -29, 231, -98, 90, -135, 173, 
0, 0, 0, 34, 0, 130, -47, 42, -20, 96, 15, 78, -33, 25, 10, 313, -29, 231, -97, 89, -146, 166, 
0, 0, 0, 34, 0, 130, -47, 42, -20, 96, 15, 78, -33, 25, 10, 313, -29, 231, -97, 87, -154, 158, 
0, 0, 0, 34, 0, 130, -47, 42, -20, 96, 15, 78, -33, 25, 10, 313, -29, 231, -97, 88, -165, 149, 
0, 0, 0, 34, 0, 130, -47, 42, -20, 96, 15, 78, -33, 25, 10, 313, -29, 231, -96, 86, -170, 139, 
0, 0, 0, 34, 0, 130, -47, 42, -20, 96, 15, 78, -33, 25, 10, 313, -29, 231, -98, 92, -177, 138, 
0, 0, 0, 34, 0, 130, -47, 42, -20, 96, 15, 78, -33, 25, 10, 313, -29, 231, -102, 102, -185, 139, 
0, 0, 0, 34, 0, 130, -47, 42, -20, 96, 15, 78, -33, 25, 10, 313, -29, 231, -105, 116, -193, 138, 
0, 0, 0, 34, 0, 130, -47, 42, -20, 96, 15, 78, -33, 25, 10, 313, -29, 231, -105, 119, -194, 138, 
0, 0, 0, 34, 0, 130, -47, 42, -20, 96, 15, 78, -33, 25, 10, 313, -29, 231, -105, 123, -195, 139, 
0, 0, 0, 34, 0, 130, -47, 42, -20, 96, 15, 78, -33, 25, 10, 313, -29, 231, -105, 123, -195, 139, 
0, 0, 0, 34, 0, 130, -47, 42, -20, 96, 15, 78, -33, 25, 10, 313, -29, 231, -105, 119, -194, 138, 
0, 0, 0, 34, 0, 130, -47, 42, -20, 96, 15, 78, -33, 25, 10, 313, -29, 231, -105, 116, -193, 138, 
0, 0, 0, 34, 0, 130, -47, 42, -20, 96, 15, 78, -33, 25, 10, 313, -29, 231, -102, 102, -185, 139, 
0, 0, 0, 34, 0, 130, -47, 42, -20, 96, 15, 78, -33, 25, 10, 313, -29, 231, -98, 92, -177, 138, 
0, 0, 0, 34, 0, 130, -47, 42, -20, 96, 15, 78, -33, 25, 10, 313, -29, 231, -96, 86, -170, 139, 
0, 0, 0, 34, 0, 130, -47, 42, -20, 96, 15, 78, -33, 25, 10, 313, -29, 231, -97, 88, -165, 149, 
0, 0, 0, 34, 0, 130, -47, 42, -20, 96, 15, 78, -33, 25, 10, 313, -29, 231, -97, 87, -154, 158, 
0, 0, 0, 34, 0, 130, -47, 42, -20, 96, 15, 78, -33, 25, 10, 313, -29, 231, -97, 89, -146, 166, 
0, 0, 0, 34, 0, 130, -47, 42, -20, 96, 15, 78, -33, 25, 10, 313, -29, 231, -98, 90, -135, 173, 
0, 0, 0, 34, 0, 130, -47, 42, -20, 96, 15, 78, -33, 25, 10, 313, -29, 231, -100, 97, -132, 182, 
0, 0, 0, 34, 0, 130, -47, 42, -20, 96, 15, 78, -33, 25, 10, 313, -29, 231, -101, 100, -121, 189, 
0, 0, 0, 34, 0, 130, -47, 42, -20, 96, 15, 78, -33, 25, 10, 313, -29, 231, -104, 111, -111, 202, 
0, 0, 0, 34, 0, 130, -47, 42, -20, 96, 15, 78, -33, 25, 7, 314, -30, 231, -104, 113, -109, 204, 
0, 0, 0, 34, 0, 130, -47, 42, -20, 96, 15, 78, -33, 25, 7, 314, -30, 231, -105, 117, -100, 208, 
0, 0, 0, 34, 0, 130, -47, 42, -20, 96, 15, 78, -33, 25, 7, 314, -30, 231, -105, 126, -93, 216, 
0, 0, 0, 34, 0, 130, -47, 42, -20, 96, 15, 78, -33, 25, 7, 314, -30, 231, -105, 133, -90, 223, 
0, 0, 0, 34, 0, 130, -47, 42, -20, 96, 15, 78, -33, 25, 7, 314, -30, 231, -105, 144, -82, 232, 
0, 0, 0, 34, 0, 130, -47, 42, -20, 96, 15, 78, -33, 25, 7, 314, -30, 231, -102, 157, -72, 243, 
0, 0, 0, 34, 0, 130, -47, 42, -20, 96, 15, 78, -33, 25, 7, 314, -30, 231, -100, 163, -66, 247, 
0, 0, 0, 34, 0, 130, -47, 42, -20, 96, 15, 78, -33, 25, 7, 314, -30, 231, -96, 174, -55, 255, 
0, 0, 0, 34, 0, 130, -47, 42, -20, 96, 15, 78, -33, 25, 7, 314, -30, 231, -93, 180, -46, 258, 
0, 0, 0, 34, 0, 130, -47, 42, -20, 96, 15, 78, -33, 25, 7, 314, -30, 231, -90, 185, -37, 259, 
0, 0, 0, 34, 0, 130, -47, 42, -20, 96, 15, 78, -33, 25, 7, 314, -30, 231, -86, 191, -31, 263, 
0, 0, 0, 34, 0, 130, -47, 42, -20, 96, 15, 78, -33, 25, 7, 314, -30, 231, -77, 202, -18, 270, 
0, 0, 0, 34, 0, 130, -47, 42, -20, 96, 15, 78, -33, 25, 7, 314, -30, 231, -71, 207, -10, 274, 
0, 0, 0, 34, 0, 130, -47, 42, -20, 96, 15, 78, -33, 25, 7, 314, -30, 231, -66, 212, -3, 277, 
0, 0, 0, 34, 0, 130, -47, 42, -20, 96, 15, 78, -33, 25, 7, 314, -30, 231, -61, 216, 2, 281, 
0, 0, 0, 34, 0, 130, -47, 42, -20, 96, 15, 78, -33, 25, 7, 314, -30, 231, -55, 220, 9, 284, 
0, 0, 0, 34, 0, 130, -47, 42, -20, 96, 15, 78, -33, 25, 7, 314, -30, 231, -47, 224, 17, 289, 
0, 0, 0, 34, 0, 130, -47, 42, -20, 96, 15, 78, -33, 25, 7, 314, -30, 231, -36, 229, 21, 299, 
0, 0, 0, 34, 0, 130, -47, 42, -20, 96, 15, 78, -33, 25, 7, 314, -30, 231, -28, 232, 30, 301, 
0, 0, 0, 34, 0, 130, -47, 42, -20, 96, 15, 78, -33, 25, 4, 313, -33, 230, -28, 232, 30, 301, 
0, 0, 0, 34, 0, 130, -47, 42, -20, 96, 15, 78, -33, 25, -4, 315, -35, 229, -14, 234, 40, 307, 
0, 0, 0, 34, 0, 130, -47, 42, -20, 96, 15, 78, -33, 25, -8, 315, -37, 229, -6, 235, 44, 311, 
0, 0, 0, 34, 0, 130, -47, 42, -20, 96, 15, 78, -33, 25, -11, 314, -40, 228, 1, 236, 47, 314, 
