0, 0, 0, 34, 0, 130, 33, 25, -15, 78, 20, 96, 47, 42, -47, 314, -1, 236, 40, 228, 11, 314, 
0, 0, 0, 34, 0, 130, 33, 25, -15, 78, 20, 96, 47, 42, -44, 311, 6, 235, 37, 229, 8, 315, 
0, 0, 0, 34, 0, 130, 33, 25, -15, 78, 20, 96, 47, 42, -40, 307, 14, 234, 35, 229, 4, 315, 
0, 0, 0, 34, 0, 130, 33, 25, -15, 78, 20, 96, 47, 42, -30, 301, 28, 232, 33, 230, -4, 313, 
0, 0, 0, 34, 0, 130, 33, 25, -15, 78, 20, 96, 47, 42, -30, 301, 28, 232, 30, 231, -7, 314, 
0, 0, 0, 34, 0, 130, 33, 25, -15, 78, 20, 96, 47, 42, -21, 299, 36, 229, 30, 231, -7, 314, 
0, 0, 0, 34, 0, 130, 33, 25, -15, 78, 20, 96, 47, 42, -17, 289, 47, 224, 30, 231, -7, 314, 
0, 0, 0, 34, 0, 130, 33, 25, -15, 78, 20, 96, 47, 42, -9, 284, 55, 220, 30, 231, -7, 314, 
0, 0, 0, 34, 0, 130, 33, 25, -15, 78, 20, 96, 47, 42, -2, 281, 61, 216, 30, 231, -7, 314, 
0, 0, 0, 34, 0, 130, 33, 25, -15, 78, 20, 96, 47, 42, 3, 277, 66, 212, 30, 231, -7, 314, 
0, 0, 0, 34, 0, 130, 33, 25, -15, 78, 20, 96, 47, 42, 10, 274, 71, 207, 30, 231, -7, 314, 
0, 0, 0, 34, 0, 130, 33, 25, -15, 78, 20, 96, 47, 42, 18, 270, 77, 202, 30, 231, -7, 314, 
0, 0, 0, 34, 0, 130, 33, 25, -15, 78, 20, 96, 47, 42, 31, 263, 86, 191, 30, 231, -7, 314, 
0, 0, 0, 34, 0, 130, 33, 25, -15, 78, 20, 96, 47, 42, 37, 259, 90, 185, 30, 231, -7, 314, 
0, 0, 0, 34, 0, 130, 33, 25, -15, 78, 20, 96, 47, 42, 46, 258, 93, 180, 30, 231, -7, 314, 
0, 0, 0, 34, 0, 130, 33, 25, -15, 78, 20, 96, 47, 42, 55, 255, 96, 174, 30, 231, -7, 314, 
0, 0, 0, 34, 0, 130, 33, 25, -15, 78, 20, 96, 47, 42, 66, 247, 100, 163, 30, 231, -7, 314, 
0, 0, 0, 34, 0, 130, 33, 25, -15, 78, 20, 96, 47, 42, 72, 243, 102, 157, 30, 231, -7, 314, 
0, 0, 0, 34, 0, 130, 33, 25, -15, 78, 20, 96, 47, 42, 82, 232, 105, 144, 30, 231, -7, 314, 
0, 0, 0, 34, 0, 130, 33, 25, -15, 78, 20, 96, 47, 42, 90, 223, 105, 133, 30, 231, -7, 314, 
0, 0, 0, 34, 0, 130, 33, 25, -15, 78, 20, 96, 47, 42, 93, 216, 105, 126, 30, 231, -7, 314, 
0, 0, 0, 34, 0, 130, 33, 25, -15, 78, 20, 96, 47, 42, 100, 208, 105, 117, 30, 231, -7, 314, 
0, 0, 0, 34, 0, 130, 33, 25, -15, 78, 20, 96, 47, 42, 109, 204, 104, 113, 30, 231, -7, 314, 
0, 0, 0, 34, 0, 130, 33, 25, -15, 78, 20, 96, 47, 42, 111, 202, 104, 111, 29, 231, -10, 313, 
0, 0, 0, 34, 0, 130, 33, 25, -15, 78, 20, 96, 47, 42, 121, 189, 101, 100, 29, 231, -10, 313, 
0, 0, 0, 34, 0, 130, 33, 25, -15, 78, 20, 96, 47, 42, 132, 182, 100, 97, 29, 231, -10, 313, 
0, 0, 0, 34, 0, 130, 33, 25, -15, 78, 20, 96, 47, 42, 135, 173, 98, 90, 29, 231, -10, 313, 
0, 0, 0, 34, 0, 130, 33, 25, -15, 78, 20, 96, 47, 42, 146, 166, 97, 89, 29, 231, -10, 313, 
0, 0, 0, 34, 0, 130, 33, 25, -15, 78, 20, 96, 47, 42, 154, 158, 97, 87, 29, 231, -10, 313, 
0, 0, 0, 34, 0, 130, 33, 25, -15, 78, 20, 96, 47, 42, 165, 149, 97, 88, 29, 231, -10, 313, 
0, 0, 0, 34, 0, 130, 33, 25, -15, 78, 20, 96, 47, 42, 170, 139, 96, 86, 29, 231, -10, 313, 
0, 0, 0, 34, 0, 130, 33, 25, -15, 78, 20, 96, 47, 42, 177, 138, 98, 92, 29, 231, -10, 313, 
0, 0, 0, 34, 0, 130, 33, 25, -15, 78, 20, 96, 47, 42, 185, 139, 102, 102, 29, 231, -10, 313, 
0, 0, 0, 34, 0, 130, 33, 25, -15, 78, 20, 96, 47, 42, 193, 138, 105, 116, 29, 231, -10, 313, 
0, 0, 0, 34, 0, 130, 33, 25, -15, 78, 20, 96, 47, 42, 194, 138, 105, 119, 29, 231, -10, 313, 
0, 0, 0, 34, 0, 130, 33, 25, -15, 78, 20, 96, 47, 42, 195, 139, 105, 123, 29, 231, -10, 313, 
0, 0, 0, 34, 0, 130, 33, 25, -15, 78, 20, 96, 47, 42, 195, 139, 105, 123, 29, 231, -10, 313, 
0, 0, 0, 34, 0, 130, 33, 25, -15, 78, 20, 96, 47, 42, 194, 138, 105, 119, 29, 231, -10, 313, 
0, 0, 0, 34, 0, 130, 33, 25, -15, 78, 20, 96, 47, 42, 193, 138, 105, 116, 29, 231, -10, 313, 
0, 0, 0, 34, 0, 130, 33, 25, -15, 78, 20, 96, 47, 42, 185, 139, 102, 102, 29, 231, -10, 313, 
0, 0, 0, 34, 0, 130, 33, 25, -15, 78, 20, 96, 47, 42, 177, 138, 98, 92, 29, 231, -10, 313, 
0, 0, 0, 34, 0, 130, 33, 25, -15, 78, 20, 96, 47, 42, 170, 139, 96, 86, 29, 231, -10, 313, 
0, 0, 0, 34, 0, 130, 33, 25, -15, 78, 20, 96, 47, 42, 165, 149, 97, 88, 29, 231, -10, 313, 
0, 0, 0, 34, 0, 130, 33, 25, -15, 78, 20, 96, 47, 42, 154, 158, 97, 87, 29, 231, -10, 313, 
0, 0, 0, 34, 0, 130, 33, 25, -15, 78, 20, 96, 47, 42, 146, 166, 97, 89, 29, 231, -10, 313, 
0, 0, 0, 34, 0, 130, 33, 25, -15, 78, 20, 96, 47, 42, 135, 173, 98, 90, 29, 231, -10, 313, 
0, 0, 0, 34, 0, 130, 33, 25, -15, 78, 20, 96, 47, 42, 132, 182, 100, 97, 29, 231, -10, 313, 
0, 0, 0, 34, 0, 130, 33, 25, -15, 78, 20, 96, 47, 42, 121, 189, 101, 100, 29, 231, -10, 313, 
0, 0, 0, 34, 0, 130, 33, 25, -15, 78, 20, 96, 47, 42, 111, 202, 104, 111, 29, 231, -10, 313, 
0, 0, 0, 34, 0, 130, 33, 25, -15, 78, 20, 96, 47, 42, 109, 204, 104, 113, 30, 231, -7, 314, 
0, 0, 0, 34, 0, 130, 33, 25, -15, 78, 20, 96, 47, 42, 100, 208, 105, 117, 30, 231, -7, 314, 
0, 0, 0, 34, 0, 130, 33, 25, -15, 78, 20, 96, 47, 42, 93, 216, 105, 126, 30, 231, -7, 314, 
0, 0, 0, 34, 0, 130, 33, 25, -15, 78, 20, 96, 47, 42, 90, 223, 105, 133, 30, 231, -7, 314, 
0, 0, 0, 34, 0, 130, 33, 25, -15, 78, 20, 96, 47, 42, 82, 232, 105, 144, 30, 231, -7, 314, 
0, 0, 0, 34, 0, 130, 33, 25, -15, 78, 20, 96, 47, 42, 72, 243, 102, 157, 30, 231, -7, 314, 
0, 0, 0, 34, 0, 130, 33, 25, -15, 78, 20, 96, 47, 42, 66, 247, 100, 163, 30, 231, -7, 314, 
0, 0, 0, 34, 0, 130, 33, 25, -15, 78, 20, 96, 47, 42, 55, 255, 96, 174, 30, 231, -7, 314, 
0, 0, 0, 34, 0, 130, 33, 25, -15, 78, 20, 96, 47, 42, 46, 258, 93, 180, 30, 231, -7, 314, 
0, 0, 0, 34, 0, 130, 33, 25, -15, 78, 20, 96, 47, 42, 37, 259, 90, 185, 30, 231, -7, 314, 
0, 0, 0, 34, 0, 130, 33, 25, -15, 78, 20, 96, 47, 42, 31, 263, 86, 191, 30, 231, -7, 314, 
0, 0, 0, 34, 0, 130, 33, 25, -15, 78, 20, 96, 47, 42, 18, 270, 77, 202, 30, 231, -7, 314, 
0, 0, 0, 34, 0, 130, 33, 25, -15, 78, 20, 96, 47, 42, 10, 274, 71, 207, 30, 231, -7, 314, 
0, 0, 0, 34, 0, 130, 33, 25, -15, 78, 20, 96, 47, 42, 3, 277, 66, 212, 30, 231, -7, 314, 
0, 0, 0, 34, 0, 130, 33, 25, -15, 78, 20, 96, 47, 42, -2, 281, 61, 216, 30, 231, -7, 314, 
0, 0, 0, 34, 0, 130, 33, 25, -15, 78, 20, 96, 47, 42, -9, 284, 55, 220, 30, 231, -7, 314, 
0, 0, 0, 34, 0, 130, 33, 25, -15, 78, 20, 96, 47, 42, -17, 289, 47, 224, 30, 231, -7, 314, 
0, 0, 0, 34, 0, 130, 33, 25, -15, 78, 20, 96, 47, 42, -21, 299, 36, 229, 30, 231, -7, 314, 
0, 0, 0, 34, 0, 130, 33, 25, -15, 78, 20, 96, 47, 42, -30, 301, 28, 232, 30, 231, -7, 314, 
0, 0, 0, 34, 0, 130, 33, 25, -15, 78, 20, 96, 47, 42, -30, 301, 28, 232, 33, 230, -4, 313, 
0, 0, 0, 34, 0, 130, 33, 25, -15, 78, 20, 96, 47, 42, -40, 307, 14, 234, 35, 229, 4, 315, 
0, 0, 0, 34, 0, 130, 33, 25, -15, 78, 20, 96, 47, 42, -44, 311, 6, 235, 37, 229, 8, 315, 
0, 0, 0, 34, 0, 130, 33, 25, -15, 78, 20, 96, 47, 42, -47, 314, -1, 236, 40, 228, 11, 314, 
