0, 0, 0, 34, 0, 130, -47, 42, -20, 96, 15, 78, -33, 25, -11, 314, -40, 228, 1, 236, 47, 314, 
0, 0, 0, 34, 0, 130, -47, 42, -20, 96, 15, 78, -33, 25, -11, 314, -40, 228, -9, 235, 36, 314, 
0, 0, 0, 34, 0, 130, -47, 42, -20, 96, 15, 78, -33, 25, -11, 314, -40, 228, -17, 234, 30, 312, 
0, 0, 0, 34, 0, 130, -47, 42, -20, 96, 15, 78, -33, 25, -11, 314, -40, 228, -23, 233, 16, 315, 
0, 0, 0, 34, 0, 130, -47, 42, -20, 96, 15, 78, -33, 25, -20, 298, -60, 216, -23, 233, 16, 315, 
0, 0, 0, 34, 0, 130, -47, 42, -20, 96, 15, 78, -33, 25, -34, 282, -77, 202, -23, 233, 16, 315, 
0, 0, 0, 34, 0, 130, -47, 42, -20, 96, 15, 78, -33, 25, -45, 270, -87, 189, -23, 233, 16, 315, 
0, 0, 0, 34, 0, 130, -47, 42, -20, 96, 15, 78, -33, 25, -56, 250, -98, 169, -23, 233, 16, 315, 
0, 0, 0, 34, 0, 130, -47, 42, -20, 96, 15, 78, -33, 25, -70, 213, -105, 129, -23, 233, 16, 315, 
0, 0, 0, 34, 0, 130, -47, 42, -20, 96, 15, 78, -33, 25, -77, 204, -105, 117, -23, 233, 16, 315, 
0, 0, 0, 34, 0, 130, -47, 42, -20, 96, 15, 78, -33, 25, -80, 190, -102, 101, -23, 233, 16, 315, 
0, 0, 0, 34, 0, 130, -47, 42, -20, 96, 15, 78, -33, 25, -83, 176, -96, 86, -23, 233, 16, 315, 
0, 0, 0, 34, 0, 130, -47, 42, -20, 96, 15, 78, -33, 25, -85, 149, -78, 58, -23, 233, 16, 315, 
0, 0, 0, 34, 0, 130, -47, 42, -20, 96, 15, 78, -33, 25, -109, 120, -60, 43, -23, 233, 16, 315, 
0, 0, 0, 34, 0, 130, -47, 42, -20, 96, 15, 78, -33, 25, -115, 103, -51, 37, -23, 233, 16, 315, 
0, 0, 0, 34, 0, 130, -47, 42, -20, 96, 15, 78, -33, 25, -129, 83, -50, 37, -23, 233, 16, 315, 
0, 0, 0, 34, 0, 130, -47, 42, -20, 96, 15, 78, -33, 25, -127, 64, -41, 32, -23, 233, 16, 315, 
0, 0, 0, 34, 0, 130, -47, 42, -20, 96, 15, 78, -33, 25, -132, 41, -41, 32, -23, 233, 16, 315, 
0, 0, 0, 34, 0, 130, -47, 42, -20, 96, 15, 78, -33, 25, -134, 25, -43, 33, -23, 233, 16, 315, 
0, 0, 0, 34, 0, 130, -47, 42, -20, 96, 15, 78, -33, 25, -139, 10, -52, 38, -23, 233, 16, 315, 
0, 0, 0, 34, 0, 130, -47, 42, -20, 96, 15, 78, -33, 25, -140, -1, -60, 43, -23, 233, 16, 315, 
0, 0, 0, 34, 0, 130, -47, 42, -20, 96, 15, 78, -33, 25, -139, -6, -64, 46, -23, 233, 16, 315, 
0, 0, 0, 34, 0, 130, -47, 42, -20, 96, 15, 78, -33, 25, -149, 9, -67, 48, -23, 233, 16, 315, 
0, 0, 0, 34, 0, 130, -47, 42, -20, 96, 15, 78, -33, 25, -158, 15, -78, 59, -23, 233, 16, 315, 
0, 0, 0, 34, 0, 130, -47, 42, -20, 96, 15, 78, -33, 25, -165, 27, -81, 62, -23, 233, 16, 315, 
0, 0, 0, 34, 0, 130, -47, 42, -20, 96, 15, 78, -33, 25, -173, 40, -87, 70, -23, 233, 16, 315, 
0, 0, 0, 34, 0, 130, -47, 42, -20, 96, 15, 78, -33, 25, -179, 52, -91, 77, -23, 233, 16, 315, 
0, 0, 0, 34, 0, 130, -47, 42, -20, 96, 15, 78, -33, 25, -185, 64, -98, 90, -23, 233, 16, 315, 
0, 0, 0, 34, 0, 130, -47, 42, -20, 96, 15, 78, -33, 25, -190, 80, -101, 99, -23, 233, 16, 315, 
0, 0, 0, 34, 0, 130, -47, 42, -20, 96, 15, 78, -33, 25, -193, 94, -102, 105, -23, 233, 16, 315, 
0, 0, 0, 34, 0, 130, -47, 42, -20, 96, 15, 78, -33, 25, -195, 118, -104, 112, -23, 233, 16, 315, 
0, 0, 0, 34, 0, 130, -47, 42, -20, 96, 15, 78, -33, 25, -195, 131, -105, 118, -23, 233, 16, 315, 
0, 0, 0, 34, 0, 130, -47, 42, -20, 96, 15, 78, -33, 25, -195, 142, -105, 125, -23, 233, 16, 315, 
0, 0, 0, 34, 0, 130, -47, 42, -20, 96, 15, 78, -33, 25, -195, 155, -105, 142, -23, 233, 16, 315, 
0, 0, 0, 34, 0, 130, -47, 42, -20, 96, 15, 78, -33, 25, -191, 167, -105, 136, -23, 233, 16, 315, 
0, 0, 0, 34, 0, 130, -47, 42, -20, 96, 15, 78, -33, 25, -189, 184, -102, 157, -23, 233, 16, 315, 
0, 0, 0, 34, 0, 130, -47, 42, -20, 96, 15, 78, -33, 25, -187, 190, -102, 157, -23, 233, 16, 315, 
0, 0, 0, 34, 0, 130, -47, 42, -20, 96, 15, 78, -33, 25, -177, 206, -103, 153, -23, 233, 16, 315, 
0, 0, 0, 34, 0, 130, -47, 42, -20, 96, 15, 78, -33, 25, -170, 223, -99, 165, -23, 233, 16, 315, 
0, 0, 0, 34, 0, 130, -47, 42, -20, 96, 15, 78, -33, 25, -163, 238, -93, 179, -23, 233, 16, 315, 
0, 0, 0, 34, 0, 130, -47, 42, -20, 96, 15, 78, -33, 25, -155, 250, -88, 188, -23, 233, 16, 315, 
0, 0, 0, 34, 0, 130, -47, 42, -20, 96, 15, 78, -33, 25, -149, 256, -88, 188, -23, 233, 16, 315, 
0, 0, 0, 34, 0, 130, -47, 42, -20, 96, 15, 78, -33, 25, -136, 265, -88, 187, -23, 233, 16, 315, 
0, 0, 0, 34, 0, 130, -47, 42, -20, 96, 15, 78, -33, 25, -121, 278, -83, 195, -23, 233, 16, 315, 
0, 0, 0, 34, 0, 130, -47, 42, -20, 96, 15, 78, -33, 25, -104, 289, -77, 202, -23, 233, 16, 315, 
0, 0, 0, 34, 0, 130, -47, 42, -20, 96, 15, 78, -33, 25, -82, 291, -79, 200, -23, 233, 16, 315, 
0, 0, 0, 34, 0, 130, -47, 42, -20, 96, 15, 78, -33, 25, -63, 295, -74, 204, -23, 233, 16, 315, 
0, 0, 0, 34, 0, 130, -47, 42, -20, 96, 15, 78, -33, 25, -54, 297, -71, 207, -19, 234, 23, 314, 
0, 0, 0, 34, 0, 130, -47, 42, -20, 96, 15, 78, -33, 25, -44, 302, -64, 213, -17, 234, 28, 313, 
0, 0, 0, 34, 0, 130, -47, 42, -20, 96, 15, 78, -33, 25, -35, 306, -58, 218, -10, 235, 35, 314, 
0, 0, 0, 34, 0, 130, -47, 42, -20, 96, 15, 78, -33, 25, -27, 315, -44, 225, -4, 235, 40, 315, 
