0, 0, 0, 34, 0, 130, 33, 25, -15, 78, 20, 96, 47, 42, -47, 314, -1, 236, 40, 228, 11, 314, 
0, 0, 0, 34, 0, 130, 33, 25, -15, 78, 20, 96, 47, 42, -36, 314, 9, 235, 40, 228, 11, 314, 
0, 0, 0, 34, 0, 130, 33, 25, -15, 78, 20, 96, 47, 42, -30, 312, 17, 234, 40, 228, 11, 314, 
0, 0, 0, 34, 0, 130, 33, 25, -15, 78, 20, 96, 47, 42, -16, 315, 23, 233, 40, 228, 11, 314, 
0, 0, 0, 34, 0, 130, 33, 25, -15, 78, 20, 96, 47, 42, -16, 315, 23, 233, 60, 216, 20, 298, 
0, 0, 0, 34, 0, 130, 33, 25, -15, 78, 20, 96, 47, 42, -16, 315, 23, 233, 77, 202, 34, 282, 
0, 0, 0, 34, 0, 130, 33, 25, -15, 78, 20, 96, 47, 42, -16, 315, 23, 233, 87, 189, 45, 270, 
0, 0, 0, 34, 0, 130, 33, 25, -15, 78, 20, 96, 47, 42, -16, 315, 23, 233, 98, 169, 56, 250, 
0, 0, 0, 34, 0, 130, 33, 25, -15, 78, 20, 96, 47, 42, -16, 315, 23, 233, 105, 129, 70, 213, 
0, 0, 0, 34, 0, 130, 33, 25, -15, 78, 20, 96, 47, 42, -16, 315, 23, 233, 105, 117, 77, 204, 
0, 0, 0, 34, 0, 130, 33, 25, -15, 78, 20, 96, 47, 42, -16, 315, 23, 233, 102, 101, 80, 190, 
0, 0, 0, 34, 0, 130, 33, 25, -15, 78, 20, 96, 47, 42, -16, 315, 23, 233, 96, 86, 83, 176, 
0, 0, 0, 34, 0, 130, 33, 25, -15, 78, 20, 96, 47, 42, -16, 315, 23, 233, 78, 58, 85, 149, 
0, 0, 0, 34, 0, 130, 33, 25, -15, 78, 20, 96, 47, 42, -16, 315, 23, 233, 60, 43, 109, 120, 
0, 0, 0, 34, 0, 130, 33, 25, -15, 78, 20, 96, 47, 42, -16, 315, 23, 233, 51, 37, 115, 103, 
0, 0, 0, 34, 0, 130, 33, 25, -15, 78, 20, 96, 47, 42, -16, 315, 23, 233, 50, 37, 129, 83, 
0, 0, 0, 34, 0, 130, 33, 25, -15, 78, 20, 96, 47, 42, -16, 315, 23, 233, 41, 32, 127, 64, 
0, 0, 0, 34, 0, 130, 33, 25, -15, 78, 20, 96, 47, 42, -16, 315, 23, 233, 41, 32, 132, 41, 
0, 0, 0, 34, 0, 130, 33, 25, -15, 78, 20, 96, 47, 42, -16, 315, 23, 233, 43, 33, 134, 25, 
0, 0, 0, 34, 0, 130, 33, 25, -15, 78, 20, 96, 47, 42, -16, 315, 23, 233, 52, 38, 139, 10, 
0, 0, 0, 34, 0, 130, 33, 25, -15, 78, 20, 96, 47, 42, -16, 315, 23, 233, 60, 43, 140, -1, 
0, 0, 0, 34, 0, 130, 33, 25, -15, 78, 20, 96, 47, 42, -16, 315, 23, 233, 64, 46, 139, -6, 
0, 0, 0, 34, 0, 130, 33, 25, -15, 78, 20, 96, 47, 42, -16, 315, 23, 233, 67, 48, 149, 9, 
0, 0, 0, 34, 0, 130, 33, 25, -15, 78, 20, 96, 47, 42, -16, 315, 23, 233, 78, 59, 158, 15, 
0, 0, 0, 34, 0, 130, 33, 25, -15, 78, 20, 96, 47, 42, -16, 315, 23, 233, 81, 62, 165, 27, 
0, 0, 0, 34, 0, 130, 33, 25, -15, 78, 20, 96, 47, 42, -16, 315, 23, 233, 87, 70, 173, 40, 
0, 0, 0, 34, 0, 130, 33, 25, -15, 78, 20, 96, 47, 42, -16, 315, 23, 233, 91, 77, 179, 52, 
0, 0, 0, 34, 0, 130, 33, 25, -15, 78, 20, 96, 47, 42, -16, 315, 23, 233, 98, 90, 185, 64, 
0, 0, 0, 34, 0, 130, 33, 25, -15, 78, 20, 96, 47, 42, -16, 315, 23, 233, 101, 99, 190, 80, 
0, 0, 0, 34, 0, 130, 33, 25, -15, 78, 20, 96, 47, 42, -16, 315, 23, 233, 102, 105, 193, 94, 
0, 0, 0, 34, 0, 130, 33, 25, -15, 78, 20, 96, 47, 42, -16, 315, 23, 233, 104, 112, 195, 118, 
0, 0, 0, 34, 0, 130, 33, 25, -15, 78, 20, 96, 47, 42, -16, 315, 23, 233, 105, 118, 195, 131, 
0, 0, 0, 34, 0, 130, 33, 25, -15, 78, 20, 96, 47, 42, -16, 315, 23, 233, 105, 125, 195, 142, 
0, 0, 0, 34, 0, 130, 33, 25, -15, 78, 20, 96, 47, 42, -16, 315, 23, 233, 105, 142, 195, 155, 
0, 0, 0, 34, 0, 130, 33, 25, -15, 78, 20, 96, 47, 42, -16, 315, 23, 233, 105, 136, 191, 167, 
0, 0, 0, 34, 0, 130, 33, 25, -15, 78, 20, 96, 47, 42, -16, 315, 23, 233, 102, 157, 189, 184, 
0, 0, 0, 34, 0, 130, 33, 25, -15, 78, 20, 96, 47, 42, -16, 315, 23, 233, 102, 157, 187, 190, 
0, 0, 0, 34, 0, 130, 33, 25, -15, 78, 20, 96, 47, 42, -16, 315, 23, 233, 103, 153, 177, 206, 
0, 0, 0, 34, 0, 130, 33, 25, -15, 78, 20, 96, 47, 42, -16, 315, 23, 233, 99, 165, 170, 223, 
0, 0, 0, 34, 0, 130, 33, 25, -15, 78, 20, 96, 47, 42, -16, 315, 23, 233, 93, 179, 163, 238, 
0, 0, 0, 34, 0, 130, 33, 25, -15, 78, 20, 96, 47, 42, -16, 315, 23, 233, 88, 188, 155, 250, 
0, 0, 0, 34, 0, 130, 33, 25, -15, 78, 20, 96, 47, 42, -16, 315, 23, 233, 88, 188, 149, 256, 
0, 0, 0, 34, 0, 130, 33, 25, -15, 78, 20, 96, 47, 42, -16, 315, 23, 233, 88, 187, 136, 265, 
0, 0, 0, 34, 0, 130, 33, 25, -15, 78, 20, 96, 47, 42, -16, 315, 23, 233, 83, 195, 121, 278, 
0, 0, 0, 34, 0, 130, 33, 25, -15, 78, 20, 96, 47, 42, -16, 315, 23, 233, 77, 202, 104, 289, 
0, 0, 0, 34, 0, 130, 33, 25, -15, 78, 20, 96, 47, 42, -16, 315, 23, 233, 79, 200, 82, 291, 
0, 0, 0, 34, 0, 130, 33, 25, -15, 78, 20, 96, 47, 42, -16, 315, 23, 233, 74, 204, 63, 295, 
0, 0, 0, 34, 0, 130, 33, 25, -15, 78, 20, 96, 47, 42, -23, 314, 19, 234, 71, 207, 54, 297, 
0, 0, 0, 34, 0, 130, 33, 25, -15, 78, 20, 96, 47, 42, -28, 313, 17, 234, 64, 213, 44, 302, 
0, 0, 0, 34, 0, 130, 33, 25, -15, 78, 20, 96, 47, 42, -35, 314, 10, 235, 58, 218, 35, 306, 
0, 0, 0, 34, 0, 130, 33, 25, -15, 78, 20, 96, 47, 42, -40, 315, 4, 235, 44, 225, 27, 315, 
