0, 0, 0, 34, 0, 130, 42, 28, -7, 80, 20, 96, 55, 46, -55, 314, -50, 224, 50, 224, 45, 314, 
0, 0, 0, 34, 0, 130, 42, 28, -7, 80, 31, 91, 63, 39, -55, 314, -50, 224, 50, 224, 45, 314, 
0, 0, 0, 34, 0, 130, 42, 28, -7, 80, 40, 85, 71, 33, -55, 314, -50, 224, 50, 224, 45, 314, 
0, 0, 0, 34, 0, 130, 42, 28, -7, 80, 48, 77, 85, 29, -55, 314, -50, 224, 50, 224, 45, 314, 
0, 0, 0, 34, 0, 130, 42, 28, -7, 80, 53, 70, 100, 31, -55, 314, -50, 224, 50, 224, 45, 314, 
0, 0, 0, 34, 0, 130, 42, 28, -7, 80, 58, 62, 110, 29, -55, 314, -50, 224, 50, 224, 45, 314, 
0, 0, 0, 34, 0, 130, 42, 28, -7, 80, 61, 57, 116, 31, -55, 314, -50, 224, 50, 224, 45, 314, 
0, 0, 0, 34, 0, 130, 39, 27, -10, 79, 61, 57, 116, 31, -55, 314, -50, 224, 50, 224, 45, 314, 
0, 0, 0, 34, 0, 130, 34, 30, -22, 75, 63, 50, 120, 29, -55, 314, -50, 224, 50, 224, 45, 314, 
0, 0, 0, 34, 0, 130, 34, 30, -22, 75, 64, 42, 124, 28, -55, 314, -50, 224, 50, 224, 45, 314, 
0, 0, 0, 34, 0, 130, 32, 32, -28, 71, 65, 36, 126, 30, -55, 314, -50, 224, 50, 224, 45, 314, 
0, 0, 0, 34, 0, 130, 32, 32, -28, 71, 65, 36, 126, 30, -55, 314, -50, 224, 50, 224, 45, 314, 
0, 0, 0, 34, 0, 130, 34, 30, -22, 75, 64, 42, 124, 28, -55, 314, -50, 224, 50, 224, 45, 314, 
0, 0, 0, 34, 0, 130, 34, 30, -22, 75, 63, 50, 120, 29, -55, 314, -50, 224, 50, 224, 45, 314, 
0, 0, 0, 34, 0, 130, 39, 27, -10, 79, 61, 57, 116, 31, -55, 314, -50, 224, 50, 224, 45, 314, 
0, 0, 0, 34, 0, 130, 42, 28, -7, 80, 61, 57, 116, 31, -55, 314, -50, 224, 50, 224, 45, 314, 
0, 0, 0, 34, 0, 130, 42, 28, -7, 80, 58, 62, 110, 29, -55, 314, -50, 224, 50, 224, 45, 314, 
0, 0, 0, 34, 0, 130, 42, 28, -7, 80, 53, 70, 100, 31, -55, 314, -50, 224, 50, 224, 45, 314, 
0, 0, 0, 34, 0, 130, 42, 28, -7, 80, 48, 77, 85, 29, -55, 314, -50, 224, 50, 224, 45, 314, 
0, 0, 0, 34, 0, 130, 42, 28, -7, 80, 40, 85, 71, 33, -55, 314, -50, 224, 50, 224, 45, 314, 
0, 0, 0, 34, 0, 130, 42, 28, -7, 80, 31, 91, 63, 39, -55, 314, -50, 224, 50, 224, 45, 314, 
0, 0, 0, 34, 0, 130, 42, 28, -7, 80, 20, 96, 55, 46, -55, 314, -50, 224, 50, 224, 45, 314, 
