0, 0, 0, 34, 0, 130, -47, 42, -20, 96, 15, 78, -33, 25, -11, 314, -40, 228, 1, 236, 47, 314, 
0, 0, 0, 34, 0, 130, -47, 42, -20, 96, 15, 78, -33, 25, -17, 301, -56, 219, 1, 236, 47, 314, 
0, 0, 0, 34, 0, 130, -47, 42, -20, 96, 15, 78, -33, 25, -21, 294, -64, 214, 1, 236, 47, 314, 
0, 0, 0, 34, 0, 130, -47, 42, -20, 96, 15, 78, -33, 25, -28, 273, -80, 198, 1, 236, 47, 314, 
0, 0, 0, 34, 0, 130, -47, 42, -20, 96, 15, 78, -33, 25, -38, 266, -87, 189, 1, 236, 47, 314, 
0, 0, 0, 34, 0, 130, -47, 42, -20, 96, 15, 78, -33, 25, -42, 249, -95, 175, 1, 236, 47, 314, 
0, 0, 0, 34, 0, 130, -47, 42, -20, 96, 15, 78, -33, 25, -52, 228, -103, 153, 1, 236, 47, 314, 
0, 0, 0, 34, 0, 130, -47, 42, -20, 96, 15, 78, -33, 25, -59, 217, -105, 139, 1, 236, 47, 314, 
0, 0, 0, 34, 0, 130, -47, 42, -20, 96, 15, 78, -33, 25, -63, 200, -105, 119, 1, 236, 47, 314, 
0, 0, 0, 34, 0, 130, -47, 42, -20, 96, 15, 78, -33, 25, -63, 196, -104, 115, 1, 236, 47, 314, 
0, 0, 0, 34, 0, 130, -47, 42, -20, 96, 15, 78, -33, 25, -63, 196, -104, 115, 1, 236, 47, 314, 
0, 0, 0, 34, 0, 130, -47, 42, -20, 96, 15, 78, -33, 25, -63, 200, -105, 119, 1, 236, 47, 314, 
0, 0, 0, 34, 0, 130, -47, 42, -20, 96, 15, 78, -33, 25, -59, 217, -105, 139, 1, 236, 47, 314, 
0, 0, 0, 34, 0, 130, -47, 42, -20, 96, 15, 78, -33, 25, -52, 228, -103, 153, 1, 236, 47, 314, 
0, 0, 0, 34, 0, 130, -47, 42, -20, 96, 15, 78, -33, 25, -42, 249, -95, 175, 1, 236, 47, 314, 
0, 0, 0, 34, 0, 130, -47, 42, -20, 96, 15, 78, -33, 25, -38, 266, -87, 189, 1, 236, 47, 314, 
0, 0, 0, 34, 0, 130, -47, 42, -20, 96, 15, 78, -33, 25, -28, 273, -80, 198, 1, 236, 47, 314, 
0, 0, 0, 34, 0, 130, -47, 42, -20, 96, 15, 78, -33, 25, -21, 294, -64, 214, 1, 236, 47, 314, 
0, 0, 0, 34, 0, 130, -47, 42, -20, 96, 15, 78, -33, 25, -17, 301, -56, 219, 1, 236, 47, 314, 
0, 0, 0, 34, 0, 130, -47, 42, -20, 96, 15, 78, -33, 25, -11, 314, -40, 228, 1, 236, 47, 314, 
