0, 0, 0, 34, 0, 130, -47, 42, -20, 96, 15, 78, -33, 25, 44, 314, -2, 235, -39, 228, -11, 314, 
0, 0, 0, 34, 0, 130, -47, 42, -20, 96, 15, 78, -33, 25, 44, 314, -2, 235, -45, 225, -10, 309, 
0, 0, 0, 34, 0, 130, -47, 42, -20, 96, 15, 78, -33, 25, 44, 314, -2, 235, -49, 223, -10, 305, 
0, 0, 0, 34, 0, 130, -47, 42, -20, 96, 15, 78, -33, 25, 44, 314, -2, 235, -50, 223, -7, 303, 
0, 0, 0, 34, 0, 130, -47, 42, -20, 96, 15, 78, -33, 25, 40, 313, -7, 235, -52, 221, -7, 300, 
0, 0, 0, 34, 0, 130, -47, 42, -20, 96, 15, 78, -33, 25, 35, 313, -11, 235, -56, 219, -8, 296, 
0, 0, 0, 34, 0, 130, -47, 42, -20, 96, 15, 78, -33, 25, 35, 313, -11, 235, -55, 220, -2, 293, 
0, 0, 0, 34, 0, 130, -47, 42, -20, 96, 15, 78, -33, 25, 30, 313, -15, 234, -57, 219, 0, 289, 
0, 0, 0, 34, 0, 130, -47, 42, -20, 96, 15, 78, -33, 25, 30, 313, -15, 234, -54, 220, 5, 289, 
0, 0, 0, 34, 0, 130, -47, 42, -20, 96, 15, 78, -33, 25, 30, 313, -15, 234, -49, 223, 12, 290, 
0, 0, 0, 34, 0, 130, -47, 42, -20, 96, 15, 78, -33, 25, 25, 313, -19, 234, -49, 223, 12, 290, 
0, 0, 0, 34, 0, 130, -47, 42, -20, 96, 15, 78, -33, 25, 25, 313, -19, 234, -43, 226, 18, 293, 
0, 0, 0, 34, 0, 130, -47, 42, -20, 96, 15, 78, -33, 25, 17, 313, -25, 232, -43, 226, 18, 293, 
0, 0, 0, 34, 0, 130, -47, 42, -20, 96, 15, 78, -33, 25, 17, 313, -25, 232, -38, 228, 26, 293, 
0, 0, 0, 34, 0, 130, -47, 42, -20, 96, 15, 78, -33, 25, 6, 315, -29, 231, -29, 231, 33, 297, 
0, 0, 0, 34, 0, 130, -47, 42, -20, 96, 15, 78, -33, 25, -2, 314, -35, 229, -20, 233, 38, 303, 
0, 0, 0, 34, 0, 130, -47, 42, -20, 96, 15, 78, -33, 25, -7, 314, -38, 228, -7, 235, 44, 310, 
0, 0, 0, 34, 0, 130, -47, 42, -20, 96, 15, 78, -33, 25, -11, 314, -40, 228, -7, 235, 44, 310, 
0, 0, 0, 34, 0, 130, -47, 42, -20, 96, 15, 78, -33, 25, -11, 314, -40, 228, 1, 236, 47, 314, 
