0, 0, 0, 34, 0, 130, 33, 25, -15, 78, 20, 96, 47, 42, -47, 314, -1, 236, 40, 228, 11, 314, 
0, 0, 0, 34, 0, 130, 37, 21, -2, 80, 20, 96, 47, 42, -47, 314, -1, 236, 40, 228, 11, 314, 
0, 0, 0, 34, 0, 130, 44, 17, 9, 79, 20, 96, 47, 42, -47, 314, -1, 236, 40, 228, 11, 314, 
0, 0, 0, 34, 0, 130, 47, 10, 19, 76, 20, 96, 47, 42, -47, 314, -1, 236, 40, 228, 11, 314, 
0, 0, 0, 34, 0, 130, 51, 3, 28, 70, 20, 96, 47, 42, -47, 314, -1, 236, 40, 228, 11, 314, 
0, 0, 0, 34, 0, 130, 51, 3, 28, 70, 20, 96, 47, 42, -54, 314, -8, 235, 40, 228, 11, 314, 
0, 0, 0, 34, 0, 130, 51, 3, 28, 70, 20, 96, 47, 42, -54, 314, -8, 235, 34, 230, 2, 315, 
0, 0, 0, 34, 0, 130, 51, -4, 34, 65, 20, 96, 47, 42, -54, 314, -8, 235, 34, 230, 2, 315, 
0, 0, 0, 34, 0, 130, 48, -14, 40, 57, 20, 96, 47, 42, -58, 314, -13, 235, 34, 230, 2, 315, 
0, 0, 0, 34, 0, 130, 48, -14, 40, 57, 20, 96, 47, 42, -58, 314, -13, 235, 34, 230, 2, 315, 
0, 0, 0, 34, 0, 130, 51, -4, 34, 65, 20, 96, 47, 42, -54, 314, -8, 235, 34, 230, 2, 315, 
0, 0, 0, 34, 0, 130, 51, 3, 28, 70, 20, 96, 47, 42, -54, 314, -8, 235, 34, 230, 2, 315, 
0, 0, 0, 34, 0, 130, 51, 3, 28, 70, 20, 96, 47, 42, -54, 314, -8, 235, 40, 228, 11, 314, 
0, 0, 0, 34, 0, 130, 51, 3, 28, 70, 20, 96, 47, 42, -47, 314, -1, 236, 40, 228, 11, 314, 
0, 0, 0, 34, 0, 130, 47, 10, 19, 76, 20, 96, 47, 42, -47, 314, -1, 236, 40, 228, 11, 314, 
0, 0, 0, 34, 0, 130, 44, 17, 9, 79, 20, 96, 47, 42, -47, 314, -1, 236, 40, 228, 11, 314, 
0, 0, 0, 34, 0, 130, 37, 21, -2, 80, 20, 96, 47, 42, -47, 314, -1, 236, 40, 228, 11, 314, 
0, 0, 0, 34, 0, 130, 33, 25, -15, 78, 20, 96, 47, 42, -47, 314, -1, 236, 40, 228, 11, 314, 
