0, 0, 0, 34, 0, 130, -47, 42, -20, 96, 15, 78, -33, 25, -11, 314, -40, 228, 1, 236, 47, 314, 
0, 0, 0, 34, 0, 130, -47, 42, -20, 96, 2, 80, -37, 21, -11, 314, -40, 228, 1, 236, 47, 314, 
0, 0, 0, 34, 0, 130, -47, 42, -20, 96, -9, 79, -44, 17, -11, 314, -40, 228, 1, 236, 47, 314, 
0, 0, 0, 34, 0, 130, -47, 42, -20, 96, -19, 76, -47, 10, -11, 314, -40, 228, 1, 236, 47, 314, 
0, 0, 0, 34, 0, 130, -47, 42, -20, 96, -28, 70, -51, 3, -11, 314, -40, 228, 1, 236, 47, 314, 
0, 0, 0, 34, 0, 130, -47, 42, -20, 96, -28, 70, -51, 3, -11, 314, -40, 228, 8, 235, 54, 314, 
0, 0, 0, 34, 0, 130, -47, 42, -20, 96, -28, 70, -51, 3, -2, 315, -34, 230, 8, 235, 54, 314, 
0, 0, 0, 34, 0, 130, -47, 42, -20, 96, -34, 65, -51, -4, -2, 315, -34, 230, 8, 235, 54, 314, 
0, 0, 0, 34, 0, 130, -47, 42, -20, 96, -40, 57, -48, -14, -2, 315, -34, 230, 13, 235, 58, 314, 
0, 0, 0, 34, 0, 130, -47, 42, -20, 96, -40, 57, -48, -14, -2, 315, -34, 230, 13, 235, 58, 314, 
0, 0, 0, 34, 0, 130, -47, 42, -20, 96, -34, 65, -51, -4, -2, 315, -34, 230, 8, 235, 54, 314, 
0, 0, 0, 34, 0, 130, -47, 42, -20, 96, -28, 70, -51, 3, -2, 315, -34, 230, 8, 235, 54, 314, 
0, 0, 0, 34, 0, 130, -47, 42, -20, 96, -28, 70, -51, 3, -11, 314, -40, 228, 8, 235, 54, 314, 
0, 0, 0, 34, 0, 130, -47, 42, -20, 96, -28, 70, -51, 3, -11, 314, -40, 228, 1, 236, 47, 314, 
0, 0, 0, 34, 0, 130, -47, 42, -20, 96, -19, 76, -47, 10, -11, 314, -40, 228, 1, 236, 47, 314, 
0, 0, 0, 34, 0, 130, -47, 42, -20, 96, -9, 79, -44, 17, -11, 314, -40, 228, 1, 236, 47, 314, 
0, 0, 0, 34, 0, 130, -47, 42, -20, 96, 2, 80, -37, 21, -11, 314, -40, 228, 1, 236, 47, 314, 
0, 0, 0, 34, 0, 130, -47, 42, -20, 96, 15, 78, -33, 25, -11, 314, -40, 228, 1, 236, 47, 314, 
