0, 0, 0, 34, 0, 130, 33, 25, -15, 78, 20, 96, 47, 42, -47, 314, -1, 236, 40, 228, 11, 314, 
0, 0, 0, 34, 0, 130, 33, 25, -15, 78, 20, 96, 47, 42, -44, 310, 7, 235, 40, 228, 11, 314, 
0, 0, 0, 34, 0, 130, 33, 25, -15, 78, 20, 96, 47, 42, -44, 310, 7, 235, 38, 228, 7, 314, 
0, 0, 0, 34, 0, 130, 33, 25, -15, 78, 20, 96, 47, 42, -38, 303, 20, 233, 35, 229, 2, 314, 
0, 0, 0, 34, 0, 130, 33, 25, -15, 78, 20, 96, 47, 42, -33, 297, 29, 231, 29, 231, -6, 315, 
0, 0, 0, 34, 0, 130, 33, 25, -15, 78, 20, 96, 47, 42, -26, 293, 38, 228, 25, 232, -17, 313, 
0, 0, 0, 34, 0, 130, 33, 25, -15, 78, 20, 96, 47, 42, -18, 293, 43, 226, 25, 232, -17, 313, 
0, 0, 0, 34, 0, 130, 33, 25, -15, 78, 20, 96, 47, 42, -18, 293, 43, 226, 19, 234, -25, 313, 
0, 0, 0, 34, 0, 130, 33, 25, -15, 78, 20, 96, 47, 42, -12, 290, 49, 223, 19, 234, -25, 313, 
0, 0, 0, 34, 0, 130, 33, 25, -15, 78, 20, 96, 47, 42, -12, 290, 49, 223, 15, 234, -30, 313, 
0, 0, 0, 34, 0, 130, 33, 25, -15, 78, 20, 96, 47, 42, -5, 289, 54, 220, 15, 234, -30, 313, 
0, 0, 0, 34, 0, 130, 33, 25, -15, 78, 20, 96, 47, 42, 0, 289, 57, 219, 15, 234, -30, 313, 
0, 0, 0, 34, 0, 130, 33, 25, -15, 78, 20, 96, 47, 42, 2, 293, 55, 220, 11, 235, -35, 313, 
0, 0, 0, 34, 0, 130, 33, 25, -15, 78, 20, 96, 47, 42, 8, 296, 56, 219, 11, 235, -35, 313, 
0, 0, 0, 34, 0, 130, 33, 25, -15, 78, 20, 96, 47, 42, 7, 300, 52, 221, 7, 235, -40, 313, 
0, 0, 0, 34, 0, 130, 33, 25, -15, 78, 20, 96, 47, 42, 7, 303, 50, 223, 2, 235, -44, 314, 
0, 0, 0, 34, 0, 130, 33, 25, -15, 78, 20, 96, 47, 42, 10, 305, 49, 223, 2, 235, -44, 314, 
0, 0, 0, 34, 0, 130, 33, 25, -15, 78, 20, 96, 47, 42, 10, 309, 45, 225, 2, 235, -44, 314, 
0, 0, 0, 34, 0, 130, 33, 25, -15, 78, 20, 96, 47, 42, 11, 314, 39, 228, 2, 235, -44, 314, 
